1 0.66171875 0.44765625 0.025 0.1421875
3 0.11640625 0.66328125 0.0453125 0.1609375
3 0.61796875 0.365625 0.028125 0.1203125
2 0.23828125 0.4015625 0.034375 0.125
0 0.22578125 0.3359375 0.009375 0.0125
2 0.20625 0.49921875 0.034375 0.1359375
2 0.340625 0.40859375 0.03125 0.1171875
2 0.39453125 0.7328125 0.0296875 0.1390625
2 0.490625 0.5796875 0.034375 0.1515625
2 0.6609375 0.6046875 0.04375 0.153125
2 0.46875 0.4953125 0.021875 0.146875
2 0.4796875 0.46484375 0.0203125 0.109375
2 0.44453125 0.459375 0.0203125 0.125
2 0.49453125 0.37890625 0.025 0.1109375
2 0.56796875 0.33359375 0.0203125 0.1078125
2 0.90859375 0.646875 0.028125 0.153125