2 0.56640625 0.709375 0.059375 0.2453125
0 0.58046875 0.68671875 0.0125 0.03125
1 0.1515625 0.459375 0.0359375 0.1890625
3 0.24375 0.33671875 0.034375 0.1671875
3 0.86015625 0.78125 0.06875 0.234375
2 0.971875 0.740625 0.05625 0.2515625
2 0.31796875 0.75703125 0.0390625 0.2078125
2 0.51484375 0.63125 0.053125 0.19375
2 0.30546875 0.64609375 0.0296875 0.1578125
2 0.3671875 0.61796875 0.0453125 0.2265625
2 0.4015625 0.5671875 0.0421875 0.209375
2 0.453125 0.55546875 0.0515625 0.1953125
2 0.49375 0.4359375 0.040625 0.1859375
2 0.51640625 0.3578125 0.0328125 0.184375
2 0.53359375 0.28984375 0.0359375 0.15
2 0.80078125 0.3796875 0.0484375 0.1953125