0 0.33515625 0.44921875 0.0171875 0.03125
3 0.18828125 0.45 0.0328125 0.159375
3 0.98515625 0.5609375 0.0296875 0.1921875
1 0.80390625 0.4578125 0.0359375 0.16875
2 0.23203125 0.38203125 0.03125 0.165625
2 0.24296875 0.5671875 0.0453125 0.203125
2 0.5015625 0.78203125 0.0546875 0.2046875
2 0.57734375 0.67421875 0.0359375 0.1828125
2 0.5375 0.56171875 0.028125 0.1796875
2 0.49375 0.5359375 0.0234375 0.159375
2 0.51484375 0.5 0.0203125 0.1296875
2 0.39765625 0.471875 0.028125 0.0984375
2 0.4453125 0.396875 0.025 0.1265625
2 0.49140625 0.42421875 0.0390625 0.1078125
2 0.55234375 0.3671875 0.03125 0.1640625
2 0.58671875 0.29375 0.0265625 0.125