2 0.83984375 0.6828125 0.046875 0.16875
2 0.2140625 0.67578125 0.0375 0.1609375
2 0.0609375 0.70859375 0.028125 0.1640625
2 0.45390625 0.69765625 0.0453125 0.1609375
2 0.51875 0.746875 0.034375 0.1703125
0 0.61796875 0.63671875 0.0203125 0.0265625
3 0.95859375 0.51796875 0.034375 0.13125
3 0.16953125 0.59296875 0.0296875 0.1421875
1 0.29453125 0.51953125 0.0328125 0.140625
2 0.81953125 0.44765625 0.028125 0.1234375
2 0.56640625 0.575 0.0328125 0.121875
2 0.53671875 0.48515625 0.0203125 0.140625
2 0.48671875 0.4125 0.021875 0.1
2 0.50625 0.4421875 0.015625 0.09375
2 0.4265625 0.36796875 0.01875 0.0859375
2 0.50859375 0.378125 0.01875 0.0453125