1 0.6921875 0.521875 0.034375 0.1515625
3 0.8328125 0.6 0.03125 0.1609375
2 0.91171875 0.7265625 0.0328125 0.1703125
2 0.6671875 0.66796875 0.0390625 0.1671875
2 0.49296875 0.68359375 0.0421875 0.1796875
2 0.44375 0.79296875 0.05 0.1453125
2 0.31796875 0.7171875 0.04375 0.2
2 0.4171875 0.58984375 0.0421875 0.1484375
2 0.33359375 0.54453125 0.034375 0.1421875
2 0.25859375 0.540625 0.040625 0.125
2 0.246875 0.43515625 0.0359375 0.1265625
2 0.34609375 0.453125 0.0390625 0.13125
2 0.4328125 0.4984375 0.034375 0.1421875
2 0.40703125 0.475 0.021875 0.0984375
0 0.26796875 0.60859375 0.0171875 0.0296875
3 0.01015625 0.47578125 0.0203125 0.13125