0 0.4140625 0.396875 0.0140625 0.021875
1 0.8375 0.45546875 0.04375 0.15625
3 0.78359375 0.346875 0.03125 0.14375
2 0.27109375 0.5609375 0.0390625 0.1609375
2 0.340625 0.7640625 0.0453125 0.228125
2 0.50859375 0.6984375 0.0421875 0.1625
2 0.4203125 0.5578125 0.0375 0.1328125
2 0.44375 0.4328125 0.0375 0.1125
2 0.49765625 0.4546875 0.0234375 0.128125
2 0.515625 0.4390625 0.0265625 0.10625
2 0.534375 0.4328125 0.0328125 0.11875
2 0.58203125 0.34921875 0.034375 0.109375
2 0.70390625 0.27421875 0.028125 0.115625
2 0.48984375 0.3890625 0.0265625 0.0890625