2 0.21953125 0.5140625 0.0421875 0.1609375
2 0.19453125 0.40546875 0.0375 0.125
2 0.4515625 0.76953125 0.0375 0.175
2 0.51640625 0.61484375 0.0359375 0.171875
2 0.734375 0.6203125 0.0390625 0.1609375
2 0.93046875 0.68515625 0.0390625 0.1265625
2 0.528125 0.5078125 0.03125 0.1359375
2 0.50078125 0.471875 0.0234375 0.1265625
2 0.425 0.4296875 0.025 0.159375
2 0.47578125 0.37734375 0.025 0.128125
2 0.5015625 0.3375 0.0265625 0.115625
1 0.7609375 0.465625 0.0265625 0.140625
3 0.92421875 0.5578125 0.0359375 0.159375
3 0.059375 0.43046875 0.03125 0.1453125
0 0.22734375 0.4796875 0.0125 0.0234375