0 0.67890625 0.6953125 0.01875 0.0265625
2 0.078125 0.7140625 0.0265625 0.1640625
2 0.2984375 0.678125 0.040625 0.15625
2 0.49453125 0.56953125 0.025 0.15
2 0.54296875 0.715625 0.03125 0.14375
2 0.51953125 0.54140625 0.0265625 0.1390625
2 0.5546875 0.53125 0.034375 0.1453125
2 0.59765625 0.475 0.025 0.1265625
2 0.65390625 0.77109375 0.034375 0.1390625
2 0.81328125 0.61171875 0.03125 0.1609375
2 0.73125 0.4296875 0.034375 0.125
2 0.50546875 0.434375 0.025 0.115625
2 0.43125 0.38984375 0.021875 0.1015625
3 0.8796875 0.50390625 0.021875 0.1328125
1 0.31015625 0.528125 0.03125 0.1359375
3 0.16796875 0.615625 0.025 0.140625