2 0.634375 0.565625 0.046875 0.153125
2 0.7796875 0.41328125 0.0453125 0.1640625
2 0.571875 0.51328125 0.0375 0.121875
2 0.5234375 0.46953125 0.040625 0.096875
2 0.52421875 0.3390625 0.0390625 0.128125
2 0.48125 0.38984375 0.0265625 0.1625
2 0.34765625 0.2484375 0.040625 0.1171875
2 0.46953125 0.346875 0.0234375 0.1265625
2 0.5140625 0.58984375 0.0515625 0.1546875
2 0.45859375 0.578125 0.05 0.1375
2 0.33203125 0.57890625 0.040625 0.15625
2 0.24140625 0.70703125 0.053125 0.1640625
3 0.8734375 0.7765625 0.04375 0.2375
3 0.23515625 0.3359375 0.0328125 0.16875
1 0.1609375 0.4453125 0.0375 0.146875