2 0.796875 0.69296875 0.0296875 0.159375
2 0.74921875 0.6234375 0.028125 0.1453125
2 0.63125 0.559375 0.0296875 0.1390625
2 0.58515625 0.50859375 0.028125 0.1265625
2 0.49453125 0.6828125 0.0234375 0.1609375
2 0.484375 0.54609375 0.025 0.13125
2 0.50546875 0.49140625 0.0203125 0.13125
2 0.57265625 0.4453125 0.025 0.0953125
2 0.53046875 0.4140625 0.01875 0.115625
2 0.40625 0.39140625 0.01875 0.1015625
2 0.23515625 0.5234375 0.025 0.1234375
0 0.49296875 0.475 0.0125 0.0171875
1 0.77890625 0.48046875 0.021875 0.121875
3 0.840625 0.5640625 0.0265625 0.1296875
3 0.23828125 0.70859375 0.0296875 0.1453125