3 0.09453125 0.7234375 0.034375 0.1640625
3 0.62578125 0.4140625 0.0234375 0.1125
2 0.17265625 0.640625 0.0359375 0.1578125
2 0.22421875 0.475 0.0265625 0.1421875
2 0.340625 0.50234375 0.0265625 0.146875
2 0.38515625 0.57421875 0.034375 0.1421875
2 0.4203125 0.58828125 0.03125 0.1296875
2 0.46953125 0.44765625 0.028125 0.1203125
2 0.50078125 0.378125 0.025 0.1140625
2 0.52265625 0.640625 0.0390625 0.1546875
2 0.6546875 0.6421875 0.0359375 0.1671875
2 0.9125 0.68828125 0.0421875 0.1546875
2 0.4359375 0.75390625 0.0390625 0.159375
2 0.4046875 0.509375 0.0234375 0.04375
0 0.18125 0.590625 0.009375 0.01875
1 0.6953125 0.50234375 0.028125 0.1328125