0 0.17578125 0.44609375 0.009375 0.025
3 0.1015625 0.48046875 0.03125 0.1265625
3 0.91015625 0.621875 0.028125 0.153125
1 0.7484375 0.515625 0.03125 0.1421875
2 0.925 0.72890625 0.034375 0.146875
2 0.68984375 0.6546875 0.0421875 0.1609375
2 0.56875 0.571875 0.0265625 0.1703125
2 0.546875 0.57109375 0.025 0.15625
2 0.47109375 0.71875 0.03125 0.19375
2 0.38671875 0.80859375 0.0359375 0.184375
2 0.38984375 0.57578125 0.0265625 0.15
2 0.16015625 0.5859375 0.034375 0.16875
2 0.21875 0.45625 0.028125 0.13125
2 0.39765625 0.471875 0.03125 0.134375
2 0.55546875 0.4390625 0.025 0.11875
2 0.59375 0.38984375 0.0296875 0.115625