2 0.36640625 0.57265625 0.06015625 0.1671875
2 0.21796875 0.4171875 0.04921875 0.1546875
2 0.428125 0.53828125 0.0375 0.17265625
2 0.4765625 0.46953125 0.040625 0.096875
2 0.47578125 0.35078125 0.0390625 0.15234375
2 0.51875 0.38984375 0.0265625 0.1625
2 0.65234375 0.26640625 0.040625 0.1421875
2 0.53046875 0.346875 0.0234375 0.1265625
2 0.4859375 0.58984375 0.0515625 0.1546875
2 0.54609375 0.59765625 0.07578125 0.1765625
2 0.67421875 0.60546875 0.053125 0.19765625
2 0.7625 0.7359375 0.05859375 0.22265625
3 0.1265625 0.77578125 0.04375 0.228125
3 0.76484375 0.3359375 0.0328125 0.16875
1 0.840625 0.45546875 0.0375 0.153125