1 0.33828125 0.44765625 0.0234375 0.1421875
3 0.88359375 0.66328125 0.0453125 0.1609375
3 0.38203125 0.365625 0.0296875 0.1203125
2 0.76171875 0.4015625 0.034375 0.125
0 0.77421875 0.3359375 0.0078125 0.0125
2 0.79375 0.49921875 0.034375 0.1359375
2 0.659375 0.40859375 0.03125 0.1171875
2 0.60546875 0.7328125 0.0296875 0.1390625
2 0.509375 0.5796875 0.034375 0.1515625
2 0.3390625 0.6046875 0.04375 0.153125
2 0.53125 0.4953125 0.021875 0.146875
2 0.5203125 0.46484375 0.0203125 0.109375
2 0.55546875 0.459375 0.0203125 0.125
2 0.50546875 0.37890625 0.025 0.1109375
2 0.43203125 0.33359375 0.0203125 0.1078125
2 0.09140625 0.646875 0.028125 0.153125