2 0.3578125 0.71953125 0.0375 0.159375
0 0.3421875 0.65078125 0.0125 0.0265625
2 0.20703125 0.63984375 0.0375 0.1515625
2 0.26953125 0.55703125 0.0390625 0.1484375
2 0.56015625 0.7546875 0.0359375 0.14375
2 0.6703125 0.68125 0.028125 0.1578125
2 0.63046875 0.62578125 0.025 0.1484375
2 0.6109375 0.50625 0.0203125 0.134375
2 0.63203125 0.5234375 0.0234375 0.0875
2 0.5625 0.46484375 0.021875 0.1296875
2 0.590625 0.43046875 0.021875 0.1078125
2 0.54296875 0.40390625 0.025 0.1140625
1 0.815625 0.525 0.0296875 0.134375
3 0.9890625 0.62734375 0.021875 0.1421875
3 0.20390625 0.50546875 0.0328125 0.1171875