0 0.29140625 0.6859375 0.009375 0.0234375
3 0.06328125 0.7421875 0.03125 0.1625
3 0.62890625 0.4359375 0.0234375 0.1140625
2 0.90625 0.6921875 0.034375 0.15
2 0.7203125 0.6875 0.034375 0.1578125
2 0.58125 0.6609375 0.0359375 0.15
2 0.55859375 0.60625 0.03125 0.1140625
2 0.50390625 0.57421875 0.028125 0.1484375
2 0.384375 0.54453125 0.0390625 0.1125
2 0.315625 0.77421875 0.0390625 0.1515625
2 0.1671875 0.5796875 0.025 0.1359375
2 0.296875 0.47578125 0.0328125 0.1140625
2 0.140625 0.4625 0.025 0.11875
2 0.47578125 0.45234375 0.03125 0.1078125
2 0.56328125 0.38359375 0.0234375 0.1046875
1 0.67890625 0.52265625 0.0265625 0.1390625