2 0.20546875 0.5578125 0.05625 0.1640625
0 0.2234375 0.49921875 0.0140625 0.0265625
2 0.93984375 0.68984375 0.03125 0.1640625
2 0.7015625 0.66796875 0.0546875 0.1296875
2 0.49375 0.6515625 0.0546875 0.1640625
2 0.3078125 0.76328125 0.05625 0.20625
2 0.4875 0.51875 0.021875 0.1265625
2 0.4625 0.48203125 0.0296875 0.14375
2 0.39375 0.4359375 0.0328125 0.153125
2 0.1296875 0.41328125 0.0421875 0.1328125
2 0.48984375 0.3875 0.0234375 0.1265625
2 0.54453125 0.34609375 0.0171875 0.121875
1 0.68359375 0.48671875 0.03125 0.146875
3 0.64921875 0.40234375 0.0265625 0.11875
3 0.059375 0.78203125 0.0421875 0.1890625