2 0.6796875 0.4125 0.0296875 0.1359375
0 0.675 0.39765625 0.0109375 0.021875
2 0.7828125 0.6125 0.0390625 0.18125
2 0.63125 0.54375 0.0359375 0.1625
2 0.53828125 0.41796875 0.028125 0.0984375
2 0.5421875 0.47421875 0.01875 0.1546875
2 0.56640625 0.46171875 0.034375 0.1234375
2 0.5703125 0.6078125 0.0359375 0.1578125
2 0.51171875 0.515625 0.028125 0.10625
2 0.5140625 0.62734375 0.046875 0.165625
2 0.48671875 0.77578125 0.0484375 0.2
2 0.34375 0.65234375 0.03125 0.1765625
2 0.1296875 0.7703125 0.053125 0.184375
3 0.8984375 0.4640625 0.0421875 0.1578125
3 0.084375 0.60390625 0.028125 0.16875
1 0.26875 0.4953125 0.0234375 0.1578125