2 0.1546875 0.68359375 0.0234375 0.1109375
2 0.30078125 0.64296875 0.0359375 0.1296875
2 0.40625 0.60703125 0.028125 0.1453125
2 0.54453125 0.69296875 0.03125 0.1484375
2 0.54921875 0.55625 0.0265625 0.1296875
2 0.690625 0.57109375 0.0203125 0.1296875
2 0.66171875 0.415625 0.0265625 0.1171875
2 0.51328125 0.45390625 0.025 0.10625
2 0.46953125 0.515625 0.0359375 0.128125
2 0.44453125 0.55 0.0328125 0.121875
2 0.45 0.42109375 0.0171875 0.109375
2 0.45625 0.3921875 0.0171875 0.0859375
1 0.2765625 0.50390625 0.0234375 0.1234375
3 0.33046875 0.41328125 0.0171875 0.1046875
3 0.81796875 0.721875 0.046875 0.1453125
0 0.56015625 0.528125 0.009375 0.01875