2 0.7703125 0.44609375 0.0359375 0.1140625
0 0.7765625 0.43203125 0.0078125 0.0171875
1 0.29140625 0.5234375 0.025 0.13125
3 0.334375 0.440625 0.028125 0.115625
3 0.9078125 0.7890625 0.0484375 0.175
2 0.50546875 0.65703125 0.03125 0.1671875
2 0.34765625 0.66171875 0.0359375 0.1609375
2 0.13046875 0.71953125 0.03125 0.1359375
2 0.54609375 0.78515625 0.0359375 0.15625
2 0.52265625 0.55625 0.021875 0.1296875
2 0.5375 0.54453125 0.0203125 0.1140625
2 0.52265625 0.46640625 0.01875 0.0828125
2 0.5453125 0.47265625 0.0234375 0.05
2 0.59453125 0.459375 0.0234375 0.1265625
2 0.8546875 0.559375 0.040625 0.140625