3 0.06875 0.62421875 0.03125 0.16875
3 0.9171875 0.50703125 0.0484375 0.14375
2 0.7359375 0.46171875 0.04375 0.1484375
2 0.36484375 0.67421875 0.046875 0.1796875
2 0.40078125 0.7921875 0.0515625 0.171875
2 0.61796875 0.675 0.0359375 0.1765625
2 0.56796875 0.68203125 0.0421875 0.1828125
2 0.53203125 0.66875 0.04375 0.1609375
2 0.48515625 0.63515625 0.0359375 0.175
2 0.51640625 0.5546875 0.0421875 0.103125
2 0.5625 0.50703125 0.0484375 0.134375
2 0.50390625 0.48515625 0.0359375 0.125
2 0.47578125 0.428125 0.0328125 0.15
2 0.384375 0.37109375 0.03125 0.13125
1 0.2234375 0.53984375 0.0453125 0.1546875
0 0.63125 0.65625 0.0125 0.02578125