2 0.43359375 0.7234375 0.03125 0.1484375
2 0.39921875 0.6625 0.0328125 0.128125
2 0.13125 0.56796875 0.0359375 0.1375
2 0.3125 0.36875 0.028125 0.13125
0 0.15546875 0.55546875 0.0140625 0.0203125
3 0.19375 0.72265625 0.05 0.171875
3 0.784375 0.3578125 0.03125 0.1375
1 0.84296875 0.4609375 0.0375 0.146875
2 0.51875 0.40234375 0.03125 0.1484375
2 0.54609375 0.33515625 0.0203125 0.1078125
2 0.575 0.35625 0.03125 0.09375
2 0.56796875 0.47109375 0.03125 0.140625
2 0.62421875 0.54453125 0.028125 0.1140625
2 0.63984375 0.528125 0.0203125 0.103125
2 0.659375 0.64453125 0.03125 0.1734375