2 0.2296875 0.44609375 0.0375 0.1140625
0 0.2234375 0.43203125 0.0078125 0.0171875
1 0.70859375 0.5234375 0.0265625 0.13125
3 0.665625 0.440625 0.028125 0.115625
3 0.0921875 0.7890625 0.0484375 0.175
2 0.49453125 0.65703125 0.03125 0.1671875
2 0.65234375 0.66171875 0.0359375 0.1609375
2 0.86953125 0.71953125 0.03125 0.1359375
2 0.45390625 0.78515625 0.0375 0.15625
2 0.47734375 0.55625 0.021875 0.1296875
2 0.4625 0.54453125 0.0203125 0.1140625
2 0.47734375 0.46640625 0.01875 0.0828125
2 0.4546875 0.47265625 0.0234375 0.05
2 0.40546875 0.459375 0.0234375 0.1265625
2 0.1453125 0.559375 0.040625 0.140625