2 0.43359375 0.709375 0.059375 0.2453125
0 0.41953125 0.68671875 0.0125 0.03125
1 0.8484375 0.459375 0.0359375 0.1890625
3 0.75625 0.33671875 0.034375 0.1671875
3 0.13984375 0.78125 0.06875 0.234375
2 0.028125 0.740625 0.05625 0.2515625
2 0.68203125 0.75703125 0.040625 0.2078125
2 0.48515625 0.63125 0.053125 0.19375
2 0.69453125 0.64609375 0.028125 0.1578125
2 0.6328125 0.61796875 0.0453125 0.2265625
2 0.5984375 0.5671875 0.0421875 0.209375
2 0.546875 0.55546875 0.0515625 0.1953125
2 0.50625 0.4359375 0.040625 0.1859375
2 0.48359375 0.3578125 0.0328125 0.184375
2 0.46640625 0.28984375 0.0375 0.15
2 0.19921875 0.3796875 0.0484375 0.1953125