2 0.490625 0.2734375 0.0359375 0.1453125
2 0.425 0.425 0.0453125 0.08125
2 0.4390625 0.37421875 0.0203125 0.0796875
2 0.425 0.3359375 0.034375 0.10625
2 0.38828125 0.375 0.028125 0.1
2 0.31328125 0.5015625 0.0421875 0.2078125
2 0.38203125 0.484375 0.0421875 0.1734375
2 0.42734375 0.5359375 0.0421875 0.1859375
2 0.39375 0.734375 0.05 0.246875
2 0.4890625 0.5953125 0.0453125 0.2359375
2 0.59453125 0.64609375 0.0484375 0.2234375
2 0.7328125 0.796875 0.05625 0.209375
1 0.703125 0.45546875 0.0359375 0.1984375
3 0.66796875 0.34140625 0.0296875 0.1765625
0 0.4109375 0.284375 0.0109375 0.021875