2 0.3203125 0.4125 0.0296875 0.1359375
0 0.325 0.39765625 0.0109375 0.021875
2 0.2171875 0.6125 0.0390625 0.18125
2 0.36875 0.54375 0.0375 0.1625
2 0.46171875 0.41796875 0.028125 0.0984375
2 0.4578125 0.47421875 0.01875 0.1546875
2 0.43359375 0.46171875 0.034375 0.1234375
2 0.4296875 0.6078125 0.0359375 0.1578125
2 0.48828125 0.515625 0.028125 0.10625
2 0.4859375 0.62734375 0.046875 0.165625
2 0.51328125 0.77578125 0.0484375 0.2
2 0.65625 0.65234375 0.03125 0.1765625
2 0.8703125 0.7703125 0.053125 0.184375
3 0.1015625 0.4640625 0.0421875 0.1578125
3 0.915625 0.60390625 0.028125 0.16875
1 0.73125 0.4953125 0.0234375 0.1578125