2 0.91171875 0.6703125 0.0328125 0.1796875
2 0.6328125 0.62421875 0.0453125 0.1640625
2 0.4953125 0.57265625 0.0390625 0.16875
2 0.45078125 0.63984375 0.0390625 0.171875
2 0.44921875 0.5296875 0.0296875 0.125
2 0.396875 0.51640625 0.0484375 0.1671875
2 0.3203125 0.565625 0.040625 0.178125
2 0.321875 0.43359375 0.059375 0.1296875
2 0.20390625 0.3625 0.0484375 0.1484375
2 0.42734375 0.35234375 0.0359375 0.13125
2 0.50703125 0.30078125 0.028125 0.1203125
3 0.60859375 0.36015625 0.0265625 0.13125
3 0.075 0.6828125 0.0390625 0.184375
1 0.6515625 0.46484375 0.0421875 0.1453125