3 0.3609375 0.409375 0.0328125 0.15625
2 0.39921875 0.5640625 0.0375 0.178125
2 0.29921875 0.56640625 0.0296875 0.0984375
2 0.29453125 0.703125 0.03125 0.159375
2 0.31015625 0.63125 0.021875 0.1171875
2 0.42109375 0.6671875 0.0421875 0.175
2 0.54765625 0.525 0.0421875 0.1796875
2 0.4359375 0.5 0.040625 0.1859375
2 0.64921875 0.44609375 0.04375 0.1625
2 0.82421875 0.41484375 0.0390625 0.1609375
2 0.84453125 0.6125 0.05 0.215625
2 0.5328125 0.3484375 0.0390625 0.1234375
2 0.49765625 0.38203125 0.0453125 0.153125
1 0.265625 0.48125 0.040625 0.1734375
0 0.40625 0.53515625 0.0125 0.025