2 0.17578125 0.54296875 0.040625 0.1421875
0 0.1671875 0.5203125 0.0109375 0.01875
2 0.1125 0.4140625 0.04375 0.134375
2 0.25234375 0.525 0.03125 0.1375
2 0.2109375 0.76015625 0.0359375 0.178125
2 0.30390625 0.51328125 0.0453125 0.15
2 0.3171875 0.43046875 0.040625 0.128125
2 0.38671875 0.54375 0.034375 0.1765625
2 0.4625 0.64140625 0.028125 0.178125
2 0.7265625 0.6296875 0.034375 0.171875
2 0.4609375 0.38046875 0.0296875 0.1265625
2 0.54375 0.3125 0.0203125 0.125
2 0.953125 0.65859375 0.028125 0.1765625
3 0.0109375 0.46015625 0.021875 0.1390625
3 0.87109375 0.55078125 0.0296875 0.1640625
1 0.6875 0.45 0.0296875 0.15625