3 0.17578125 0.56953125 0.015625 0.1421875
3 0.9421875 0.490625 0.028125 0.1265625
2 0.8671875 0.628125 0.0375 0.1578125
2 0.8359375 0.4296875 0.0359375 0.1421875
2 0.703125 0.6453125 0.034375 0.1625
2 0.57109375 0.62109375 0.0390625 0.14375
2 0.3609375 0.621875 0.0296875 0.1421875
2 0.08359375 0.66484375 0.025 0.153125
2 0.53671875 0.5375 0.0265625 0.1328125
2 0.5234375 0.509375 0.021875 0.1265625
2 0.5453125 0.48203125 0.021875 0.0859375
2 0.6375 0.45078125 0.025 0.1328125
2 0.5296875 0.40625 0.025 0.096875
2 0.44921875 0.34609375 0.021875 0.1046875
1 0.31484375 0.4734375 0.0203125 0.13125