2 0.42421875 0.56875 0.0328125 0.203125
2 0.38984375 0.46484375 0.034375 0.1765625
0 0.39921875 0.459375 0.015625 0.0359375
1 0.1890625 0.434375 0.034375 0.184375
3 0.05390625 0.584375 0.0359375 0.215625
3 0.82109375 0.49453125 0.0328125 0.175
2 0.77421875 0.44453125 0.0390625 0.2078125
2 0.68203125 0.465625 0.04375 0.190625
2 0.70078125 0.59765625 0.0421875 0.19375
2 0.54453125 0.71875 0.0390625 0.221875
2 0.459375 0.4953125 0.034375 0.1703125
2 0.5421875 0.4953125 0.034375 0.1921875
2 0.575 0.35625 0.0265625 0.1328125
2 0.5578125 0.3828125 0.0234375 0.1234375
2 0.678125 0.290625 0.028125 0.140625