1 0.11796875 0.4515625 0.053125 0.171875
3 0.9046875 0.41640625 0.0421875 0.16875
2 0.834375 0.5296875 0.0359375 0.2078125
2 0.61875 0.759375 0.0515625 0.1828125
2 0.33046875 0.59375 0.0375 0.1875
2 0.1421875 0.6671875 0.0359375 0.1953125
2 0.0890625 0.71875 0.0390625 0.1890625
2 0.3875 0.51171875 0.0234375 0.1625
2 0.42890625 0.44921875 0.0328125 0.1515625
2 0.51328125 0.3875 0.040625 0.1484375
2 0.684375 0.31328125 0.034375 0.1359375
2 0.39140625 0.34453125 0.0171875 0.134375
2 0.3921875 0.2625 0.028125 0.1046875