2 0.06796875 0.66953125 0.028125 0.1453125
2 0.2625 0.62578125 0.0234375 0.1375
2 0.525 0.62890625 0.040625 0.15703125
2 0.60625 0.70390625 0.0421875 0.1671875
2 0.5984375 0.54921875 0.046875 0.1140625
2 0.84140625 0.61796875 0.028125 0.13125
2 0.83828125 0.4125 0.0296875 0.12109375
2 0.64609375 0.425 0.0421875 0.109375
2 0.5265625 0.47734375 0.0265625 0.09375
2 0.534375 0.440625 0.0234375 0.103125
2 0.47734375 0.37734375 0.01875 0.1125
2 0.425 0.34765625 0.0171875 0.109375
0 0.8328125 0.5703125 0.0109375 0.0328125
3 0.8921875 0.7046875 0.040625 0.18125
3 0.353125 0.40078125 0.0296875 0.1078125
1 0.3109375 0.48125 0.025 0.1359375