2 0.09609375 0.6796875 0.040625 0.16875
2 0.3796875 0.60859375 0.0375 0.1921875
2 0.54375 0.625 0.04765625 0.18515625
2 0.63828125 0.65390625 0.0515625 0.171875
2 0.7828125 0.47109375 0.05 0.159375
2 0.53359375 0.48125 0.028125 0.1140625
2 0.57265625 0.44765625 0.0265625 0.1390625
2 0.6015625 0.41015625 0.03125 0.078125
2 0.62421875 0.34921875 0.03125 0.11875
2 0.62109375 0.45859375 0.0265625 0.1203125
2 0.46796875 0.25625 0.0265625 0.1015625
2 0.54453125 0.43203125 0.0234375 0.075
3 0.3875 0.365625 0.03125 0.1578125
3 0.99140625 0.7140625 0.0171875 0.215625
1 0.3015625 0.43515625 0.0296875 0.1875