3 0.92734375 0.54609375 0.0390625 0.171875
3 0.05234375 0.44296875 0.0359375 0.1453125
1 0.76875 0.47578125 0.0421875 0.159375
2 0.1609375 0.58359375 0.0484375 0.1703125
2 0.24296875 0.38203125 0.040625 0.146875
2 0.38359375 0.428125 0.034375 0.134375
2 0.4796875 0.56171875 0.05625 0.15625
2 0.4625 0.49375 0.0265625 0.1515625
2 0.54375 0.69140625 0.053125 0.2078125
2 0.609375 0.73984375 0.04375 0.125
2 0.65 0.64453125 0.046875 0.14375
2 0.5671875 0.55703125 0.046875 0.1671875
2 0.51484375 0.38359375 0.03125 0.13125
2 0.5421875 0.3171875 0.03125 0.121875
0 0.58359375 0.77421875 0.0125 0.0328125