2 0.16015625 0.6828125 0.046875 0.16875
2 0.7859375 0.67578125 0.0375 0.1609375
2 0.9390625 0.70859375 0.028125 0.1640625
2 0.54609375 0.69765625 0.0453125 0.1609375
2 0.48125 0.746875 0.034375 0.1703125
0 0.38203125 0.63671875 0.021875 0.0265625
3 0.04140625 0.51796875 0.034375 0.13125
3 0.83046875 0.59296875 0.0296875 0.1421875
1 0.70546875 0.51953125 0.0328125 0.140625
2 0.18046875 0.44765625 0.028125 0.1234375
2 0.43359375 0.575 0.0328125 0.121875
2 0.46328125 0.48515625 0.0203125 0.140625
2 0.51328125 0.4125 0.0203125 0.1
2 0.49375 0.4421875 0.015625 0.09375
2 0.5734375 0.36796875 0.01875 0.0859375
2 0.49140625 0.378125 0.01875 0.0453125