2 0.8453125 0.68359375 0.0234375 0.1109375
2 0.69921875 0.64296875 0.0359375 0.1296875
2 0.59375 0.60703125 0.028125 0.1453125
2 0.45546875 0.69296875 0.03125 0.1484375
2 0.45078125 0.55625 0.0265625 0.1296875
2 0.309375 0.57109375 0.021875 0.1296875
2 0.33828125 0.415625 0.0265625 0.1171875
2 0.48671875 0.45390625 0.025 0.10625
2 0.53046875 0.515625 0.0359375 0.128125
2 0.55546875 0.55 0.03125 0.121875
2 0.55 0.42109375 0.0171875 0.109375
2 0.54375 0.3921875 0.0171875 0.0859375
1 0.7234375 0.50390625 0.0234375 0.1234375
3 0.66953125 0.41328125 0.0171875 0.1046875
3 0.18203125 0.721875 0.046875 0.1453125
0 0.43984375 0.528125 0.009375 0.01875