2 0.7203125 0.6875 0.0546875 0.165625
2 0.61796875 0.6421875 0.0359375 0.1953125
2 0.53359375 0.6140625 0.04375 0.1828125
2 0.43984375 0.52734375 0.0375 0.1625
2 0.2609375 0.70703125 0.0421875 0.1703125
2 0.28671875 0.553125 0.0375 0.159375
2 0.2015625 0.49140625 0.05625 0.1375
2 0.3421875 0.3875 0.03125 0.1109375
2 0.41171875 0.4609375 0.028125 0.128125
2 0.39609375 0.3921875 0.0234375 0.1078125
2 0.38046875 0.48125 0.0328125 0.1296875
1 0.80078125 0.58515625 0.0453125 0.1359375
3 0.83515625 0.61484375 0.034375 0.171875