0 0.19453125 0.603125 0.0140625 0.025
3 0.08828125 0.69375 0.0421875 0.165625
3 0.62734375 0.4203125 0.0265625 0.1140625
1 0.67578125 0.50390625 0.0375 0.125
2 0.9015625 0.68515625 0.028125 0.1609375
2 0.72109375 0.66015625 0.028125 0.1484375
2 0.4828125 0.63828125 0.0296875 0.1421875
2 0.33203125 0.7484375 0.0375 0.159375
2 0.4625 0.53046875 0.0265625 0.109375
2 0.49609375 0.5515625 0.0234375 0.1015625
2 0.48046875 0.5390625 0.028125 0.0984375
2 0.16953125 0.66640625 0.0359375 0.1609375
2 0.2515625 0.45859375 0.0296875 0.115625
2 0.359375 0.45703125 0.034375 0.1171875
2 0.490625 0.43046875 0.0203125 0.1171875
2 0.56953125 0.36796875 0.0171875 0.109375