2 0.2484375 0.49765625 0.0171875 0.103125
2 0.259375 0.50234375 0.0125 0.0953125
0 0.26171875 0.496875 0.009375 0.0171875
3 0.13203125 0.53515625 0.03125 0.1125
3 0.97578125 0.5875 0.0328125 0.128125
1 0.8421875 0.484375 0.028125 0.115625
2 0.825 0.62265625 0.0234375 0.1140625
2 0.72421875 0.60234375 0.021875 0.1203125
2 0.67578125 0.52734375 0.028125 0.13125
2 0.58125 0.4953125 0.0203125 0.1078125
2 0.590625 0.44609375 0.015625 0.0984375
2 0.54765625 0.4203125 0.0203125 0.0890625
2 0.2640625 0.73203125 0.01875 0.14375
2 0.21875 0.55078125 0.0234375 0.1203125
2 0.27421875 0.55546875 0.021875 0.13125
2 0.24140625 0.42890625 0.0171875 0.1