2 0.2140625 0.5359375 0.0328125 0.1796875
0 0.20390625 0.4953125 0.0125 0.025
3 0.07109375 0.68046875 0.0484375 0.2109375
3 0.7046875 0.3265625 0.03125 0.146875
1 0.759375 0.41171875 0.040625 0.18125
2 0.19921875 0.32578125 0.0421875 0.153125
2 0.3234375 0.30703125 0.0375 0.1625
2 0.3921875 0.35859375 0.0359375 0.153125
2 0.4640625 0.340625 0.028125 0.146875
2 0.49609375 0.44296875 0.034375 0.171875
2 0.521875 0.49453125 0.0328125 0.196875
2 0.74921875 0.6328125 0.0546875 0.2
2 0.846875 0.703125 0.04375 0.1859375
2 0.51328125 0.65546875 0.0359375 0.2
2 0.3859375 0.496875 0.0453125 0.1875
2 0.30625 0.76796875 0.0390625 0.18125