3 0.82421875 0.56953125 0.015625 0.1421875
3 0.0578125 0.490625 0.028125 0.1265625
2 0.1328125 0.628125 0.0375 0.1578125
2 0.1640625 0.4296875 0.0359375 0.1421875
2 0.296875 0.6453125 0.034375 0.1625
2 0.42890625 0.62109375 0.0390625 0.14375
2 0.6390625 0.621875 0.028125 0.1421875
2 0.91640625 0.66484375 0.025 0.153125
2 0.46328125 0.5375 0.0265625 0.1328125
2 0.4765625 0.509375 0.021875 0.1265625
2 0.4546875 0.48203125 0.021875 0.0859375
2 0.3625 0.45078125 0.025 0.1328125
2 0.4703125 0.40625 0.025 0.096875
2 0.55078125 0.34609375 0.021875 0.1046875
1 0.68515625 0.4734375 0.0203125 0.13125