2 0.25859375 0.603125 0.0359375 0.1296875
2 0.26953125 0.5265625 0.0234375 0.1015625
0 0.26328125 0.5421875 0.009375 0.025
3 0.10546875 0.51484375 0.028125 0.1125
1 0.16875 0.58203125 0.0390625 0.140625
2 0.2328125 0.678125 0.0328125 0.13125
2 0.46484375 0.73828125 0.040625 0.153125
2 0.6171875 0.7625 0.0484375 0.134375
2 0.66875 0.81015625 0.04375 0.1609375
2 0.46796875 0.59296875 0.0390625 0.140625
2 0.29140625 0.52421875 0.03125 0.1
2 0.81484375 0.4703125 0.034375 0.1046875
2 0.903125 0.52421875 0.0359375 0.1015625
2 0.92421875 0.671875 0.0453125 0.1625
2 0.865625 0.68046875 0.05 0.1625