2 0.18125 0.5546875 0.0328125 0.153125
0 0.2171875 0.45703125 0.0125 0.021875
2 0.321875 0.7734375 0.0375 0.1921875
2 0.603125 0.76796875 0.034375 0.140625
2 0.61796875 0.684375 0.0265625 0.13125
2 0.5171875 0.621875 0.0234375 0.1640625
2 0.52578125 0.5421875 0.0359375 0.11875
2 0.54765625 0.5140625 0.0234375 0.1203125
2 0.5125 0.48359375 0.0234375 0.10625
2 0.40078125 0.45703125 0.03125 0.1453125
2 0.55 0.4078125 0.0203125 0.121875
2 0.62578125 0.3453125 0.0203125 0.1171875
2 0.2640625 0.42578125 0.03125 0.1421875
1 0.76015625 0.48828125 0.0296875 0.14375
3 0.95078125 0.615625 0.028125 0.1578125
3 0.0859375 0.4640625 0.025 0.140625