2 0.53359375 0.7734375 0.04375 0.1890625
0 0.5546875 0.74609375 0.0125 0.0234375
1 0.1765625 0.51953125 0.0328125 0.1578125
3 0.92265625 0.4578125 0.028125 0.134375
2 0.7578125 0.615625 0.05 0.16875
2 0.73046875 0.43125 0.0234375 0.1359375
2 0.48046875 0.45625 0.021875 0.134375
2 0.48125 0.7921875 0.0359375 0.13125
2 0.37890625 0.74375 0.03125 0.1609375
2 0.3953125 0.640625 0.028125 0.1265625
2 0.46015625 0.5765625 0.0234375 0.1546875
2 0.43515625 0.503125 0.03125 0.1328125
2 0.44765625 0.4578125 0.0171875 0.0921875
2 0.4125 0.41328125 0.015625 0.134375
2 0.403125 0.37265625 0.0140625 0.078125