0 0.35703125 0.5328125 0.015625 0.0265625
2 0.20234375 0.490625 0.0296875 0.1546875
2 0.2453125 0.40625 0.0328125 0.1375
2 0.3265625 0.43671875 0.0328125 0.1421875
2 0.38203125 0.41640625 0.0234375 0.1328125
2 0.5046875 0.33359375 0.028125 0.1234375
2 0.4171875 0.56015625 0.034375 0.1609375
2 0.4015625 0.48671875 0.0171875 0.0828125
2 0.57265625 0.63984375 0.0515625 0.16875
2 0.85703125 0.6765625 0.03125 0.11875
2 0.3140625 0.7421875 0.0375 0.1890625
1 0.6359375 0.4859375 0.034375 0.1390625
3 0.796875 0.5796875 0.028125 0.171875