1 0.66875 0.4765625 0.03125 0.1484375
2 0.85234375 0.64765625 0.025 0.121875
2 0.2140625 0.47265625 0.0359375 0.13125
2 0.44453125 0.64921875 0.034375 0.103125
2 0.44296875 0.59140625 0.0265625 0.0625
2 0.521875 0.68203125 0.0375 0.1578125
2 0.54609375 0.63359375 0.03125 0.140625
2 0.63515625 0.62265625 0.028125 0.15625
2 0.40234375 0.51015625 0.0296875 0.14375
2 0.434375 0.49140625 0.021875 0.125
2 0.41953125 0.45 0.015625 0.0671875
2 0.41640625 0.3859375 0.025 0.08125
2 0.521875 0.3421875 0.0171875 0.103125
3 0.10078125 0.71015625 0.0453125 0.1609375
3 0.6078125 0.390625 0.025 0.1109375