2 0.4171875 0.75390625 0.0328125 0.15
0 0.43359375 0.71875 0.0109375 0.0296875
2 0.33515625 0.728125 0.03125 0.1484375
2 0.27890625 0.6359375 0.03125 0.1515625
2 0.35234375 0.5609375 0.0296875 0.125
2 0.5609375 0.7359375 0.0328125 0.1359375
2 0.746875 0.60703125 0.0296875 0.13125
2 0.86796875 0.62109375 0.0375 0.15625
2 0.70234375 0.43984375 0.028125 0.1328125
2 0.53671875 0.478125 0.028125 0.1296875
2 0.44765625 0.42890625 0.021875 0.1140625
3 0.06015625 0.60078125 0.0390625 0.153125
1 0.15859375 0.52421875 0.034375 0.134375
3 0.8265625 0.4875 0.025 0.1359375