2 0.17734375 0.61328125 0.040625 0.196875
0 0.19296875 0.6140625 0.0171875 0.025
3 0.09765625 0.81171875 0.0421875 0.2078125
3 0.70703125 0.38515625 0.0328125 0.134375
1 0.75546875 0.5015625 0.028125 0.1671875
2 0.81875 0.7703125 0.0390625 0.2015625
2 0.7625 0.71484375 0.034375 0.2015625
2 0.5546875 0.69609375 0.0421875 0.1953125
2 0.37578125 0.7875 0.0546875 0.19375
2 0.23671875 0.3859375 0.0390625 0.1484375
2 0.41171875 0.43046875 0.0359375 0.1453125
2 0.52421875 0.546875 0.0359375 0.165625
2 0.534375 0.50859375 0.021875 0.11875
2 0.50546875 0.49765625 0.0203125 0.1625
2 0.553125 0.3890625 0.0265625 0.1453125
2 0.60859375 0.34140625 0.0296875 0.1296875