3 0.12265625 0.703125 0.040625 0.146875
2 0.16015625 0.63671875 0.0421875 0.1515625
2 0.20625 0.43515625 0.0328125 0.1015625
2 0.33046875 0.5625 0.0328125 0.1109375
2 0.328125 0.46015625 0.0359375 0.1078125
2 0.4375 0.6078125 0.0359375 0.14375
2 0.4515625 0.53125 0.025 0.128125
2 0.45234375 0.4625 0.021875 0.084375
2 0.4375 0.43515625 0.01875 0.0765625
2 0.48359375 0.41953125 0.021875 0.109375
2 0.5625 0.359375 0.01875 0.096875
1 0.6625 0.4890625 0.025 0.125
3 0.6171875 0.403125 0.021875 0.096875
2 0.70859375 0.6421875 0.028125 0.1453125
2 0.884375 0.6546875 0.025 0.15