3 0.96484375 0.7234375 0.034375 0.109375
1 0.88984375 0.53046875 0.021875 0.096875
1 0.0796875 0.590625 0.0234375 0.109375
3 0.1296875 0.5078125 0.0203125 0.0921875
2 0.26640625 0.525 0.021875 0.1
2 0.3421875 0.490625 0.021875 0.0828125
2 0.81015625 0.5703125 0.01875 0.1046875
2 0.721875 0.6390625 0.028125 0.1125
2 0.70390625 0.7828125 0.028125 0.11875
2 0.54453125 0.67578125 0.0296875 0.13125
2 0.396875 0.7609375 0.0265625 0.090625
2 0.29609375 0.67109375 0.03125 0.1171875
2 0.11015625 0.74296875 0.03125 0.1125
2 0.3015625 0.575 0.0140625 0.0921875