0 0.34140625 0.53125 0.0171875 0.028125
3 0.1046875 0.475 0.0390625 0.1359375
2 0.26015625 0.5875 0.0453125 0.14375
2 0.27265625 0.8375 0.0625 0.1609375
2 0.4125 0.796875 0.071875 0.171875
2 0.43046875 0.42421875 0.0453125 0.1359375
2 0.953125 0.75859375 0.034375 0.15
2 0.9359375 0.653125 0.034375 0.1421875
2 0.7296875 0.65859375 0.0484375 0.1640625
2 0.5375 0.5796875 0.034375 0.153125
2 0.6921875 0.534375 0.0390625 0.14375
2 0.57890625 0.44453125 0.0390625 0.1109375
2 0.7375 0.43984375 0.0359375 0.1296875
2 0.60078125 0.3921875 0.025 0.1046875