2 0.56640625 0.73671875 0.03125 0.175
2 0.60234375 0.6796875 0.03671875 0.16171875
2 0.86875 0.57734375 0.0359375 0.15546875
2 0.6875 0.36875 0.028125 0.13125
0 0.84453125 0.55546875 0.0140625 0.0203125
3 0.80625 0.72265625 0.05 0.171875
3 0.215625 0.3578125 0.0328125 0.1375
1 0.15703125 0.4609375 0.0375 0.146875
2 0.48125 0.40234375 0.0328125 0.1484375
2 0.45390625 0.33515625 0.0203125 0.1078125
2 0.425 0.35625 0.0328125 0.09375
2 0.43515625 0.47734375 0.0375 0.153125
2 0.37578125 0.54453125 0.028125 0.1140625
2 0.36015625 0.528125 0.021875 0.103125
2 0.340625 0.64453125 0.03125 0.1734375
2 0.375 0.48671875 0.03125 0.0546875