3 0.0953125 0.4609375 0.040625 0.15
1 0.82734375 0.46953125 0.03125 0.15
2 0.26015625 0.78515625 0.0546875 0.1984375
2 0.2390625 0.546875 0.0421875 0.190625
2 0.3296875 0.37734375 0.0390625 0.146875
2 0.465625 0.4203125 0.0390625 0.153125
2 0.54375 0.47109375 0.04375 0.146875
2 0.553125 0.64375 0.05 0.1828125
2 0.59296875 0.509375 0.0453125 0.1546875
2 0.74921875 0.63828125 0.0421875 0.18125
2 0.8625 0.71875 0.0546875 0.1765625
2 0.590625 0.390625 0.01875 0.1390625
2 0.65390625 0.31953125 0.03125 0.1359375
0 0.240625 0.51484375 0.015625 0.01640625