0 0.64921875 0.65390625 0.0125 0.028125
2 0.56875 0.79375 0.0421875 0.190625
2 0.265625 0.71796875 0.040625 0.1609375
2 0.12734375 0.73125 0.025 0.121875
2 0.471875 0.69609375 0.0390625 0.16875
2 0.7765625 0.646875 0.046875 0.153125
2 0.76875 0.459375 0.034375 0.13125
2 0.59609375 0.5140625 0.028125 0.125
2 0.51171875 0.45390625 0.021875 0.1171875
2 0.5375 0.4296875 0.0265625 0.1046875
2 0.5015625 0.5546875 0.0359375 0.1453125
2 0.4625 0.58359375 0.025 0.1296875
2 0.475 0.5484375 0.021875 0.1421875
1 0.2578125 0.54375 0.028125 0.1296875
3 0.30234375 0.4625 0.03125 0.1140625
3 0.8359375 0.76875 0.0421875 0.178125