2 0.94296875 0.67265625 0.034375 0.171875
2 0.653125 0.60859375 0.028125 0.16875
2 0.453125 0.55 0.0375 0.16875
2 0.36875 0.7390625 0.05 0.1515625
2 0.1234375 0.5421875 0.0390625 0.178125
2 0.1921875 0.3890625 0.0328125 0.1546875
2 0.4203125 0.4515625 0.01875 0.1375
2 0.371875 0.42578125 0.0234375 0.1546875
2 0.43671875 0.3375 0.025 0.10625
2 0.38515625 0.38359375 0.015625 0.10625
2 0.42109375 0.2984375 0.028125 0.109375
0 0.20234375 0.36796875 0.015625 0.0359375
3 0.8578125 0.56015625 0.0390625 0.1671875
1 0.653125 0.4296875 0.03125 0.178125