3 0.19296875 0.45234375 0.0265625 0.1203125
1 0.81875 0.45859375 0.0328125 0.1296875
2 0.34921875 0.725 0.0453125 0.165625
2 0.59375 0.659375 0.0296875 0.15625
2 0.2671875 0.63203125 0.0296875 0.159375
2 0.25390625 0.5078125 0.034375 0.1453125
2 0.3671875 0.3796875 0.0265625 0.1234375
2 0.52890625 0.42265625 0.0359375 0.13125
2 0.61171875 0.553125 0.0234375 0.128125
2 0.60859375 0.4578125 0.021875 0.1265625
2 0.62421875 0.47109375 0.0125 0.1328125
2 0.63515625 0.48515625 0.0203125 0.14375
2 0.5984375 0.37421875 0.015625 0.1125
2 0.5890625 0.33515625 0.0203125 0.109375