2 0.79453125 0.5578125 0.0578125 0.1640625
0 0.7765625 0.49921875 0.0125 0.0265625
2 0.06015625 0.68984375 0.03125 0.1640625
2 0.2984375 0.66796875 0.0546875 0.1296875
2 0.50625 0.6515625 0.0546875 0.1640625
2 0.6921875 0.76328125 0.05625 0.20625
2 0.5125 0.51875 0.021875 0.1265625
2 0.5375 0.48203125 0.028125 0.14375
2 0.60625 0.4359375 0.03125 0.153125
2 0.8703125 0.41328125 0.0421875 0.1328125
2 0.51015625 0.3875 0.0234375 0.1265625
2 0.45546875 0.34609375 0.0171875 0.121875
1 0.31640625 0.48671875 0.03125 0.146875
3 0.35078125 0.40234375 0.0265625 0.11875
3 0.940625 0.78203125 0.0421875 0.1890625