1 0.725 0.49296875 0.028125 0.1375
2 0.15 0.56015625 0.0375 0.1703125
0 0.1625 0.53125 0.015625 0.0296875
2 0.1578125 0.409375 0.0359375 0.1375
2 0.39453125 0.453125 0.0265625 0.134375
2 0.45703125 0.5171875 0.034375 0.1484375
2 0.5203125 0.65625 0.0390625 0.1828125
2 0.49765625 0.57421875 0.0359375 0.1484375
2 0.50234375 0.5 0.0203125 0.06875
2 0.45390625 0.7375 0.0390625 0.0953125
2 0.69140625 0.68984375 0.05 0.1734375
2 0.94296875 0.7109375 0.0328125 0.171875
2 0.503125 0.40625 0.0234375 0.1359375
2 0.55 0.35703125 0.0265625 0.121875
3 0.84921875 0.5859375 0.040625 0.16875
3 0.05859375 0.45703125 0.0296875 0.1328125