2 0.7359375 0.7921875 0.0828125 0.2
2 0.56015625 0.66796875 0.0578125 0.184375
2 0.3984375 0.7953125 0.065625 0.16875
2 0.50078125 0.63671875 0.0390625 0.196875
2 0.5609375 0.484375 0.065625 0.115625
2 0.61015625 0.33671875 0.0421875 0.1171875
2 0.48828125 0.38046875 0.0359375 0.1046875
2 0.3984375 0.5015625 0.0390625 0.1671875
2 0.46640625 0.4734375 0.0453125 0.1390625
2 0.309375 0.49609375 0.028125 0.13125
2 0.5109375 0.496875 0.0453125 0.1453125
2 0.2109375 0.52578125 0.05625 0.1765625
3 0.05703125 0.4375 0.05 0.1453125
3 0.96171875 0.59921875 0.0390625 0.1671875
1 0.69375 0.49140625 0.0421875 0.15625