1 0.6984375 0.49921875 0.0265625 0.1234375
3 0.84765625 0.57890625 0.0328125 0.1265625
2 0.1015625 0.55234375 0.053125 0.15
3 0.08203125 0.48125 0.0265625 0.121875
2 0.371875 0.72734375 0.04375 0.146875
0 0.3515625 0.678125 0.009375 0.0234375
2 0.92265625 0.684375 0.0296875 0.15625
2 0.7359375 0.6390625 0.028125 0.15
2 0.5421875 0.6578125 0.03125 0.1421875
2 0.2203125 0.4625 0.0265625 0.115625
2 0.3828125 0.45859375 0.0296875 0.1203125
2 0.5125 0.54453125 0.0234375 0.14375
2 0.484375 0.5046875 0.03125 0.125
2 0.528125 0.525 0.0265625 0.121875
2 0.51484375 0.421875 0.0203125 0.1171875
2 0.5875 0.371875 0.0203125 0.10625