0 0.31171875 0.52109375 0.015625 0.025
3 0.1203125 0.67890625 0.03125 0.1953125
3 0.65703125 0.3546875 0.0265625 0.1390625
1 0.72265625 0.4640625 0.04375 0.1578125
2 0.20859375 0.38046875 0.0296875 0.13125
2 0.290625 0.546875 0.03125 0.1515625
2 0.3453125 0.42734375 0.059375 0.125
2 0.40078125 0.49453125 0.0296875 0.14375
2 0.421875 0.51953125 0.0359375 0.159375
2 0.47109375 0.52890625 0.046875 0.175
2 0.44453125 0.7796875 0.0421875 0.1875
2 0.56015625 0.6359375 0.0375 0.1921875
2 0.75078125 0.63984375 0.05 0.1796875
2 0.9078125 0.684375 0.03125 0.1484375
2 0.48046875 0.38203125 0.0265625 0.134375
2 0.58984375 0.3 0.0234375 0.125