3 0.36875 0.403125 0.021875 0.15
3 0.93125 0.8109375 0.0578125 0.2125
1 0.34296875 0.45703125 0.053125 0.1765625
2 0.16171875 0.7453125 0.075 0.1546875
2 0.4140625 0.64296875 0.0359375 0.1828125
2 0.53828125 0.384375 0.034375 0.1078125
2 0.5640625 0.5234375 0.028125 0.1703125
2 0.58671875 0.49140625 0.0359375 0.1375
2 0.62265625 0.52109375 0.0328125 0.1546875
2 0.62109375 0.43125 0.0359375 0.0921875
2 0.65703125 0.42890625 0.0296875 0.134375
2 0.68515625 0.44765625 0.0359375 0.09375
2 0.67890625 0.5421875 0.046875 0.159375
2 0.72890625 0.44375 0.0359375 0.165625
0 0.55546875 0.35234375 0.01171875 0.009375