2 0.7578125 0.4171875 0.0390625 0.1671875
0 0.77578125 0.32421875 0.0125 0.025
3 0.9140625 0.44296875 0.0296875 0.153125
3 0.0703125 0.5984375 0.040625 0.1765625
1 0.2296875 0.484375 0.0359375 0.1609375
2 0.55234375 0.80703125 0.046875 0.19375
2 0.51328125 0.73203125 0.0359375 0.1890625
2 0.4984375 0.55 0.0296875 0.178125
2 0.5625 0.5921875 0.0359375 0.1921875
2 0.53125 0.59765625 0.0265625 0.1828125
2 0.8484375 0.52109375 0.046875 0.1828125
2 0.53828125 0.46640625 0.025 0.1359375
2 0.5546875 0.43359375 0.021875 0.1515625
2 0.5015625 0.38359375 0.0296875 0.1421875
2 0.5171875 0.34765625 0.028125 0.1453125
2 0.5875 0.4265625 0.028125 0.1625