0 0.68828125 0.3296875 0.0078125 0.015625
2 0.7109375 0.39140625 0.0328125 0.1265625
2 0.6625 0.4046875 0.0265625 0.1453125
2 0.78828125 0.50703125 0.028125 0.1515625
3 0.93203125 0.46015625 0.040625 0.1421875
2 0.6203125 0.6890625 0.028125 0.1875
2 0.59765625 0.75625 0.0359375 0.1859375
2 0.4859375 0.540625 0.025 0.15625
2 0.496875 0.47109375 0.0203125 0.1203125
2 0.503125 0.4015625 0.0140625 0.0609375
2 0.51171875 0.4046875 0.0125 0.1140625
2 0.384375 0.6 0.0296875 0.1703125
2 0.271875 0.6453125 0.040625 0.1609375
2 0.1234375 0.74765625 0.0515625 0.184375
3 0.0453125 0.58671875 0.0296875 0.1484375
1 0.25 0.48125 0.0328125 0.1453125