3 0.93125 0.62421875 0.03125 0.16875
3 0.0828125 0.50703125 0.0484375 0.14375
2 0.2640625 0.46171875 0.0453125 0.1484375
2 0.63515625 0.67421875 0.046875 0.1796875
2 0.59921875 0.7921875 0.0515625 0.171875
2 0.38203125 0.675 0.0375 0.1765625
2 0.43203125 0.68203125 0.0421875 0.1828125
2 0.46796875 0.66875 0.04375 0.1609375
2 0.51484375 0.63515625 0.0359375 0.175
2 0.48359375 0.5546875 0.0421875 0.103125
2 0.4375 0.50703125 0.0484375 0.134375
2 0.49609375 0.48515625 0.0359375 0.125
2 0.52421875 0.428125 0.03125 0.15
2 0.615625 0.37109375 0.03125 0.13125
1 0.7765625 0.53984375 0.0453125 0.1546875
0 0.37109375 0.6578125 0.01015625 0.01796875