0 0.5859375 0.396875 0.0140625 0.021875
1 0.1625 0.45546875 0.04375 0.15625
3 0.21640625 0.346875 0.03125 0.14375
2 0.72890625 0.5609375 0.0390625 0.1609375
2 0.659375 0.7640625 0.04375 0.228125
2 0.49140625 0.6984375 0.0421875 0.1625
2 0.5796875 0.5578125 0.0375 0.1328125
2 0.55625 0.4328125 0.0359375 0.1125
2 0.50234375 0.4546875 0.0234375 0.128125
2 0.484375 0.4390625 0.0265625 0.10625
2 0.465625 0.4328125 0.0328125 0.11875
2 0.41796875 0.34921875 0.034375 0.109375
2 0.29609375 0.27421875 0.0296875 0.115625
2 0.51015625 0.3890625 0.0265625 0.0890625