3 0.79453125 0.74609375 0.034375 0.175
3 0.209375 0.39765625 0.025 0.1203125
1 0.2171875 0.49140625 0.0390625 0.146875
2 0.421875 0.75078125 0.0359375 0.1796875
2 0.7453125 0.703125 0.04375 0.1921875
2 0.76875 0.51640625 0.0421875 0.1640625
2 0.70703125 0.38515625 0.03125 0.146875
2 0.52578125 0.44453125 0.025 0.1578125
2 0.43515625 0.59921875 0.034375 0.1734375
2 0.3671875 0.6859375 0.0296875 0.1828125
2 0.41796875 0.51328125 0.028125 0.1640625
2 0.40625 0.53046875 0.01875 0.134375
2 0.43359375 0.45703125 0.015625 0.0953125
2 0.43828125 0.3796875 0.015625 0.109375
2 0.4453125 0.3359375 0.01875 0.115625