2 0.20390625 0.59140625 0.0328125 0.10625
0 0.19296875 0.58984375 0.0109375 0.01875
3 0.08046875 0.71015625 0.034375 0.1328125
1 0.884375 0.5328125 0.03125 0.115625
2 0.165625 0.68359375 0.0234375 0.1328125
2 0.13515625 0.596875 0.0328125 0.1203125
2 0.2078125 0.5125 0.025 0.1125
2 0.27109375 0.4546875 0.025 0.1
2 0.2484375 0.66484375 0.028125 0.1
2 0.7703125 0.63515625 0.028125 0.125
2 0.65703125 0.590625 0.0203125 0.1140625
2 0.66875 0.5453125 0.0203125 0.121875
2 0.64765625 0.503125 0.0203125 0.1015625
2 0.58671875 0.471875 0.0203125 0.096875