0 0.75078125 0.346875 0.0109375 0.0203125
2 0.81875 0.496875 0.0421875 0.1265625
2 0.6984375 0.38828125 0.0359375 0.121875
2 0.66015625 0.48828125 0.0328125 0.1296875
2 0.61796875 0.6859375 0.0375 0.1515625
2 0.35625 0.6203125 0.0421875 0.1625
2 0.08671875 0.67578125 0.0328125 0.1734375
2 0.4984375 0.5984375 0.0375 0.1640625
2 0.54296875 0.53046875 0.0421875 0.1578125
2 0.64453125 0.41171875 0.0296875 0.1125
2 0.53046875 0.39296875 0.03125 0.1265625
2 0.45390625 0.33359375 0.028125 0.1171875
3 0.89453125 0.725 0.034375 0.1765625
3 0.39140625 0.3859375 0.0265625 0.1234375
1 0.35078125 0.4671875 0.028125 0.14375