2 0.1640625 0.53125 0.034375 0.175
0 0.17421875 0.5015625 0.0140625 0.0203125
2 0.32734375 0.6859375 0.0375 0.1484375
2 0.303125 0.775 0.046875 0.203125
2 0.5890625 0.671875 0.0390625 0.178125
2 0.6296875 0.58828125 0.028125 0.1828125
2 0.64375 0.55625 0.0265625 0.1609375
2 0.51171875 0.49609375 0.0296875 0.1546875
2 0.50390625 0.41953125 0.03125 0.1375
2 0.55546875 0.38984375 0.0359375 0.13125
2 0.51015625 0.3296875 0.021875 0.1015625
2 0.27265625 0.38203125 0.0296875 0.1515625
3 0.06015625 0.48984375 0.0296875 0.1515625
1 0.8625 0.48671875 0.0265625 0.153125
2 0.63046875 0.47578125 0.0375 0.05234375