2 0.06796875 0.70078125 0.025 0.1546875
2 0.2546875 0.6640625 0.034375 0.15625
2 0.5234375 0.54296875 0.0296875 0.1515625
2 0.6078125 0.7015625 0.0359375 0.15625
2 0.70234375 0.7875 0.05625 0.15
2 0.77421875 0.5453125 0.0390625 0.134375
2 0.95546875 0.47421875 0.025 0.11875
2 0.66328125 0.45390625 0.028125 0.1203125
2 0.553125 0.54609375 0.0234375 0.1296875
2 0.55703125 0.46640625 0.028125 0.05625
2 0.5125 0.38984375 0.0234375 0.103125
2 0.4765625 0.353125 0.0171875 0.0984375
3 0.375 0.41015625 0.0328125 0.1234375
3 0.95546875 0.74296875 0.0375 0.175
1 0.328125 0.49296875 0.028125 0.146875
0 0.784375 0.5359375 0.0109375 0.0203125