0 0.82421875 0.44609375 0.009375 0.025
3 0.8984375 0.48046875 0.03125 0.1265625
3 0.08984375 0.621875 0.028125 0.153125
1 0.2515625 0.515625 0.03125 0.1421875
2 0.075 0.72890625 0.034375 0.146875
2 0.31015625 0.6546875 0.040625 0.1609375
2 0.43125 0.571875 0.0265625 0.1703125
2 0.453125 0.57109375 0.025 0.15625
2 0.52890625 0.71875 0.03125 0.19375
2 0.61328125 0.80859375 0.0359375 0.184375
2 0.61015625 0.57578125 0.0265625 0.15
2 0.83984375 0.5859375 0.034375 0.16875
2 0.78125 0.45625 0.028125 0.13125
2 0.60234375 0.471875 0.03125 0.134375
2 0.44453125 0.4390625 0.025 0.11875
2 0.40625 0.38984375 0.0296875 0.115625