0 0.3546875 0.7375 0.0203125 0.028125
2 0.13984375 0.478125 0.0515625 0.140625
2 0.32265625 0.41953125 0.034375 0.1453125
2 0.3875 0.76953125 0.04375 0.1640625
2 0.5171875 0.6984375 0.046875 0.16875
2 0.57421875 0.68671875 0.03125 0.171875
2 0.60859375 0.70625 0.040625 0.140625
2 0.6328125 0.634375 0.03125 0.18125
2 0.590625 0.5921875 0.040625 0.09375
2 0.45546875 0.4828125 0.040625 0.1515625
2 0.44609375 0.39609375 0.0265625 0.1109375
2 0.5765625 0.3765625 0.0265625 0.1375
2 0.63515625 0.2984375 0.0296875 0.13125
3 0.0828125 0.42421875 0.0234375 0.140625
3 0.9703125 0.55859375 0.025 0.159375
1 0.80078125 0.46875 0.0328125 0.1515625