0 0.17734375 0.43515625 0.0125 0.025
2 0.22890625 0.72265625 0.0515625 0.1578125
2 0.1921875 0.46484375 0.0328125 0.1328125
2 0.203125 0.40703125 0.0296875 0.096875
2 0.33203125 0.6203125 0.0421875 0.15625
2 0.409375 0.42578125 0.025 0.11875
2 0.50390625 0.51171875 0.0265625 0.1359375
2 0.68828125 0.59765625 0.028125 0.1390625
2 0.928125 0.6484375 0.0265625 0.1421875
2 0.490625 0.46328125 0.015625 0.0984375
2 0.50625 0.45546875 0.025 0.0578125
2 0.48203125 0.36328125 0.015625 0.090625
2 0.4890625 0.38359375 0.0109375 0.078125
3 0.6546875 0.3828125 0.01875 0.1125
1 0.70625 0.46875 0.021875 0.125
3 0.15546875 0.740625 0.0484375 0.1625