0 0.790625 0.57578125 0.0140625 0.0234375
2 0.853125 0.64765625 0.0453125 0.175
3 0.925 0.5640625 0.0296875 0.15625
3 0.13671875 0.6078125 0.03125 0.1546875
2 0.19375 0.7375 0.0453125 0.1921875
2 0.27421875 0.70546875 0.0390625 0.184375
2 0.4734375 0.646875 0.034375 0.1859375
2 0.63046875 0.78125 0.0390625 0.1921875
2 0.59375 0.6609375 0.0390625 0.1828125
2 0.54453125 0.61171875 0.0421875 0.18125
2 0.6453125 0.559375 0.04375 0.1671875
2 0.821875 0.428125 0.040625 0.1421875
2 0.67265625 0.45703125 0.0234375 0.14375
2 0.53125 0.4140625 0.025 0.125
2 0.5328125 0.3453125 0.028125 0.1015625
1 0.325 0.5109375 0.0375 0.1609375