0 0.68828125 0.52109375 0.015625 0.025
3 0.8796875 0.67890625 0.03125 0.1953125
3 0.34296875 0.3546875 0.0265625 0.1390625
1 0.27734375 0.4640625 0.04375 0.1578125
2 0.79140625 0.38046875 0.0296875 0.13125
2 0.709375 0.546875 0.0328125 0.1515625
2 0.6546875 0.42734375 0.059375 0.125
2 0.59921875 0.49453125 0.0296875 0.14375
2 0.578125 0.51953125 0.0359375 0.159375
2 0.52890625 0.52890625 0.046875 0.175
2 0.55546875 0.7796875 0.0421875 0.1875
2 0.43984375 0.6359375 0.0375 0.1921875
2 0.24921875 0.63984375 0.05 0.1796875
2 0.0921875 0.684375 0.03125 0.1484375
2 0.51953125 0.38203125 0.0265625 0.134375
2 0.41015625 0.3 0.0234375 0.125