3 0.865625 0.646875 0.0296875 0.1890625
1 0.6390625 0.54609375 0.071875 0.1875
2 0.51953125 0.5515625 0.046875 0.140625
2 0.48671875 0.64296875 0.025 0.159375
2 0.50390625 0.75859375 0.0390625 0.159375
2 0.434375 0.5578125 0.0359375 0.14375
2 0.40625 0.60625 0.0328125 0.134375
2 0.37890625 0.57890625 0.034375 0.1625
2 0.4109375 0.4578125 0.028125 0.13125
2 0.4328125 0.40703125 0.03125 0.1078125
2 0.50625 0.3765625 0.0359375 0.121875
2 0.37265625 0.45390625 0.028125 0.1
2 0.35 0.4328125 0.025 0.1