1 0.33125 0.49921875 0.028125 0.14375
3 0.35234375 0.42734375 0.0234375 0.1203125
3 0.96484375 0.70390625 0.0390625 0.15625
0 0.753125 0.41015625 0.0125 0.028125
2 0.0609375 0.71875 0.0296875 0.1515625
2 0.24375 0.6765625 0.0265625 0.15625
2 0.43046875 0.6109375 0.0234375 0.1765625
2 0.51484375 0.5765625 0.04375 0.0890625
2 0.6703125 0.64375 0.0328125 0.1609375
2 0.79296875 0.52421875 0.0296875 0.15
2 0.77265625 0.446875 0.025 0.128125
2 0.67109375 0.41953125 0.0203125 0.1234375
2 0.55 0.50234375 0.0265625 0.1375
2 0.575 0.45703125 0.015625 0.1328125
2 0.584375 0.4 0.0171875 0.090625
2 0.58515625 0.5375 0.0234375 0.14375