2 0.2859375 0.4578125 0.0296875 0.128125
0 0.29453125 0.45703125 0.0125 0.01875
2 0.19921875 0.57890625 0.0515625 0.15625
2 0.40625 0.7578125 0.0296875 0.140625
2 0.421875 0.615625 0.0375 0.140625
2 0.46171875 0.55390625 0.0296875 0.15
2 0.48828125 0.58828125 0.0296875 0.140625
2 0.5984375 0.6140625 0.0265625 0.15625
2 0.903125 0.67421875 0.021875 0.13125
2 0.5453125 0.35625 0.0234375 0.0921875
2 0.46953125 0.4171875 0.025 0.1140625
2 0.3375 0.45234375 0.028125 0.1015625
2 0.36953125 0.490625 0.0296875 0.1046875
1 0.65 0.48359375 0.0328125 0.1328125
3 0.8 0.575 0.0265625 0.140625
3 0.04296875 0.503125 0.04375 0.13125