2 0.68828125 0.38046875 0.0296875 0.1296875
3 0.87109375 0.3703125 0.03046875 0.13359375
2 0.3328125 0.48828125 0.0328125 0.18359375
2 0.28515625 0.38125 0.0296875 0.14375
2 0.45625 0.36953125 0.02734375 0.134375
2 0.4734375 0.3734375 0.02578125 0.1359375
3 0.221875 0.33359375 0.02734375 0.12890625
2 0.5078125 0.3484375 0.025 0.11171875
2 0.5546875 0.31640625 0.0171875 0.1140625
2 0.71484375 0.30625 0.021875 0.10390625
2 0.046875 0.36171875 0.0234375 0.1125
1 0.38203125 0.296875 0.01953125 0.109375
2 0.68203125 0.29296875 0.0171875 0.078125
2 0.5953125 0.290625 0.01640625 0.0953125
2 0.56875 0.315625 0.01484375 0.11171875