2 0.64765625 0.378125 0.03359375 0.12734375
2 0.35234375 0.49765625 0.0390625 0.1859375
3 0.784375 0.37578125 0.03046875 0.1265625
2 0.27890625 0.390625 0.03125 0.134375
2 0.49375 0.35859375 0.03671875 0.10859375
3 0.21171875 0.33671875 0.025 0.125
2 0.0359375 0.36328125 0.0265625 0.1265625
2 0.45 0.3734375 0.02734375 0.1296875
2 0.45 0.3703125 0.02578125 0.13515625
2 0.55625 0.321875 0.0234375 0.10234375
2 0.58203125 0.2953125 0.0234375 0.09140625
2 0.675 0.31484375 0.02421875 0.103125
2 0.5453125 0.3171875 0.021875 0.10859375
1 0.3703125 0.30078125 0.02578125 0.11015625
2 0.5796875 0.24375 0.00703125 0.02421875