2 0.2625 0.38359375 0.028125 0.1453125
2 0.68671875 0.37265625 0.0265625 0.134375
3 0.22109375 0.3359375 0.02734375 0.1265625
2 0.4515625 0.36640625 0.0234375 0.1359375
3 0.88125 0.37265625 0.02578125 0.12421875
2 0.475 0.38203125 0.025 0.11875
2 0.56484375 0.3171875 0.0203125 0.10703125
2 0.30390625 0.47578125 0.03359375 0.1703125
2 0.50859375 0.35078125 0.02578125 0.09453125
2 0.04453125 0.36171875 0.0265625 0.1203125
2 0.5515625 0.31796875 0.01796875 0.10390625
2 0.59375 0.29453125 0.01796875 0.09140625
2 0.75546875 0.31640625 0.03125 0.1015625
2 0.70234375 0.29609375 0.021875 0.10625
1 0.38203125 0.29609375 0.01796875 0.10859375