2 0.34921875 0.72890625 0.078125 0.2765625
2 0.9078125 0.665625 0.1 0.22421875
2 0.96015625 0.8390625 0.0765625 0.30859375
2 0.8859375 0.57265625 0.0515625 0.2015625
2 0.3390625 0.5234375 0.0359375 0.140625
2 0.5578125 0.49296875 0.03359375 0.12578125
2 0.17578125 0.47890625 0.0421875 0.13671875
3 0.12578125 0.5875 0.04453125 0.19921875
2 0.72421875 0.45390625 0.0296875 0.09921875
2 0.66796875 0.440625 0.021875 0.0953125
2 0.4640625 0.42578125 0.021875 0.096875
2 0.7953125 0.48359375 0.03046875 0.12578125
3 0.778125 0.4296875 0.0265625 0.07734375
3 0.778125 0.4296875 0.0265625 0.07734375