2 0.49453125 0.821875 0.10078125 0.34453125
2 0.28203125 0.65 0.0546875 0.378125
2 0.78828125 0.4265625 0.05546875 0.203125
2 0.628125 0.54453125 0.0796875 0.259375
2 0.7359375 0.50703125 0.04921875 0.21796875
3 0.1 0.44296875 0.05625 0.23203125
2 0.93828125 0.53125 0.06484375 0.24296875
2 0.684375 0.421875 0.034375 0.23125
2 0.86875 0.39375 0.04921875 0.1734375
1 0.30625 0.4359375 0.06953125 0.1640625
2 0.9125 0.48203125 0.0703125 0.16796875
2 0.903125 0.403125 0.04765625 0.1375
0 0.25546875 0.40625 0.00859375 0.01875