2 0.91953125 0.4546875 0.0484375 0.146875
2 0.63828125 0.42578125 0.028125 0.12578125
2 0.175 0.55 0.040625 0.19765625
2 0.74765625 0.5390625 0.0375 0.19375
2 0.3890625 0.56875 0.05625 0.18515625
2 0.609375 0.4 0.0265625 0.13203125
2 0.7125 0.47421875 0.03203125 0.16015625
2 0.56328125 0.4875 0.071875 0.15
2 0.4453125 0.534375 0.0484375 0.17890625
3 0.1734375 0.43125 0.0328125 0.11953125
1 0.365625 0.45546875 0.05625 0.13671875
2 0.57890625 0.50625 0.06328125 0.13515625
2 0.45390625 0.5203125 0.040625 0.14609375
0 0.48828125 0.4359375 0.01484375 0.0171875