2 0.14296875 0.5875 0.05390625 0.27265625
2 0.846875 0.43828125 0.0390625 0.17734375
2 0.2875 0.5671875 0.05859375 0.2578125
3 0.0796875 0.45078125 0.03359375 0.19765625
2 0.4890625 0.5140625 0.03828125 0.2234375
1 0.38203125 0.4359375 0.03828125 0.165625
2 0.58671875 0.503125 0.04609375 0.190625
2 0.5453125 0.496875 0.03359375 0.18515625
2 0.615625 0.38203125 0.0296875 0.1265625
2 0.63984375 0.4578125 0.0296875 0.184375
2 0.69375 0.43515625 0.03125 0.15546875
2 0.6578125 0.4046875 0.0265625 0.1421875
2 0.578125 0.47265625 0.0375 0.1515625
2 0.67109375 0.4625 0.02890625 0.1703125