2 0.790625 0.58125 0.05859375 0.1984375
2 0.21640625 0.51484375 0.0375 0.1421875
2 0.85859375 0.4578125 0.02578125 0.11015625
2 0.315625 0.653125 0.04140625 0.2390625
2 0.4046875 0.5421875 0.040625 0.1671875
2 0.69765625 0.46484375 0.025 0.109375
2 0.5171875 0.49921875 0.028125 0.1296875
2 0.5484375 0.4875 0.028125 0.13671875
2 0.5890625 0.48203125 0.02890625 0.13046875
2 0.59609375 0.4046875 0.01875 0.0828125
2 0.425 0.4484375 0.0203125 0.1015625
2 0.61640625 0.42578125 0.02109375 0.09140625
2 0.04765625 0.4640625 0.0296875 0.0765625
3 0.25390625 0.45859375 0.01796875 0.1171875
0 0.43671875 0.49140625 0.0140625 0.02265625