2 0.3390625 0.67109375 0.059375 0.39296875
2 0.69765625 0.8859375 0.1515625 0.22578125
2 0.03046875 0.728125 0.05859375 0.3640625
2 0.69140625 0.56015625 0.08515625 0.27109375
2 0.653125 0.41953125 0.0546875 0.2125
1 0.26875 0.41015625 0.06171875 0.16640625
2 0.93671875 0.52265625 0.078125 0.2421875
2 0.7875 0.440625 0.06171875 0.1828125
3 0.12109375 0.45625 0.05859375 0.21875
2 0.93984375 0.3796875 0.034375 0.13125
2 0.72265625 0.5109375 0.04140625 0.2140625
2 0.975 0.38359375 0.03671875 0.13828125
0 0.240625 0.37421875 0.01640625 0.0265625