2 0.30625 0.68203125 0.04921875 0.26875
2 0.2015625 0.51640625 0.03984375 0.15625
2 0.759375 0.57109375 0.04921875 0.20234375
2 0.88203125 0.46015625 0.028125 0.11796875
2 0.4203125 0.54375 0.034375 0.1671875
2 0.58828125 0.48828125 0.03203125 0.13046875
2 0.725 0.45703125 0.02265625 0.1234375
2 0.52421875 0.503125 0.02890625 0.134375
2 0.02421875 0.50703125 0.03671875 0.15703125
2 0.61875 0.43359375 0.0234375 0.103125
2 0.6 0.41328125 0.0203125 0.09609375
2 0.54296875 0.4890625 0.0265625 0.1390625
1 0.428125 0.44296875 0.03828125 0.1125
3 0.23359375 0.45546875 0.0296875 0.12578125
0 0.74609375 0.5328125 0.009375 0.01796875