2 0.13515625 0.56953125 0.0515625 0.26484375
2 0.33984375 0.553125 0.05546875 0.20390625
2 0.89140625 0.44609375 0.05390625 0.16015625
3 0.096875 0.45 0.0375 0.2
1 0.37265625 0.43046875 0.04453125 0.17265625
2 0.47734375 0.5484375 0.04375 0.2265625
2 0.69296875 0.49921875 0.0578125 0.17109375
2 0.725 0.4484375 0.03828125 0.13046875
2 0.57109375 0.5234375 0.046875 0.15625
2 0.6 0.4625 0.03515625 0.13203125
2 0.659375 0.47421875 0.03359375 0.14296875
2 0.6171875 0.37421875 0.02734375 0.11640625
2 0.5015625 0.48984375 0.03046875 0.1484375