2 0.14921875 0.54921875 0.071875 0.1640625
2 0.759375 0.54453125 0.04765625 0.19765625
2 0.45390625 0.51796875 0.05390625 0.15625
2 0.37890625 0.5890625 0.04609375 0.1921875
1 0.3484375 0.44921875 0.04140625 0.1203125
2 0.70078125 0.45859375 0.0375 0.15703125
2 0.89375 0.4484375 0.040625 0.1421875
2 0.328125 0.5859375 0.0484375 0.18828125
3 0.16328125 0.43984375 0.0328125 0.1265625
2 0.53828125 0.4796875 0.03828125 0.1421875
2 0.5671875 0.49140625 0.034375 0.14140625
2 0.6 0.42109375 0.025 0.115625
2 0.3828125 0.42421875 0.0265625 0.128125
2 0.57890625 0.3984375 0.0171875 0.09765625