2 0.28125 0.6046875 0.0734375 0.18671875
2 0.45546875 0.50078125 0.05078125 0.1484375
2 0.15078125 0.54296875 0.0765625 0.16171875
2 0.7515625 0.546875 0.040625 0.1859375
2 0.86015625 0.4453125 0.03203125 0.12890625
2 0.68984375 0.44765625 0.03125 0.13828125
2 0.328125 0.5625 0.05390625 0.178125
3 0.14453125 0.44453125 0.03515625 0.125
2 0.5234375 0.478125 0.034375 0.13515625
2 0.54609375 0.4734375 0.0265625 0.1515625
2 0.5609375 0.39609375 0.025 0.096875
2 0.57421875 0.415625 0.01953125 0.10234375
1 0.33984375 0.45 0.0390625 0.128125
0 0.31640625 0.60546875 0.01484375 0.0265625