2 0.97265625 0.47421875 0.0546875 0.17109375
2 0.375 0.70859375 0.0703125 0.28828125
2 0.5703125 0.51875 0.0546875 0.2265625
2 0.2234375 0.63359375 0.05625 0.325
2 0.6765625 0.503125 0.06328125 0.21171875
3 0.09296875 0.44609375 0.04609375 0.228125
1 0.3546875 0.440625 0.0703125 0.18828125
2 0.7703125 0.52578125 0.0875 0.20390625
2 0.7609375 0.41875 0.04140625 0.18203125
2 0.6671875 0.41640625 0.04296875 0.17265625
2 0.8234375 0.38828125 0.04609375 0.14296875
2 0.821875 0.45546875 0.04296875 0.1171875