2 0.83203125 0.58359375 0.06015625 0.1984375
2 0.21953125 0.50859375 0.04140625 0.14765625
2 0.30234375 0.64765625 0.046875 0.2421875
2 0.51640625 0.49375 0.02734375 0.140625
2 0.4015625 0.5421875 0.040625 0.16796875
2 0.68671875 0.453125 0.0234375 0.11953125
2 0.8421875 0.45234375 0.02734375 0.11328125
2 0.54296875 0.48203125 0.025 0.1390625
2 0.58828125 0.4796875 0.025 0.1265625
2 0.615625 0.434375 0.0203125 0.09609375
2 0.59140625 0.40859375 0.02109375 0.09921875
2 0.04609375 0.46640625 0.03203125 0.0734375
1 0.4171875 0.44296875 0.02421875 0.1078125
3 0.2578125 0.4546875 0.021875 0.11328125
0 0.3 0.58046875 0.0140625 0.02890625