2 0.17109375 0.51953125 0.05390625 0.16484375
2 0.77109375 0.54375 0.05859375 0.1828125
2 0.28984375 0.6578125 0.05546875 0.25078125
2 0.8875 0.44765625 0.03671875 0.1265625
2 0.4 0.5421875 0.046875 0.1890625
2 0.71796875 0.4484375 0.02734375 0.13828125
2 0.48828125 0.49453125 0.0453125 0.146875
2 0.56015625 0.47265625 0.02890625 0.14375
2 0.58515625 0.41640625 0.02109375 0.11796875
3 0.1453125 0.43359375 0.028125 0.121875
2 0.52578125 0.478125 0.03125 0.15078125
2 0.56484375 0.38046875 0.01875 0.08046875
1 0.3734375 0.44453125 0.0296875 0.11796875