2 0.71640625 0.55390625 0.06171875 0.20078125
2 0.8453125 0.71328125 0.09140625 0.3015625
2 0.6203125 0.84296875 0.11328125 0.30546875
2 0.4296875 0.68671875 0.046875 0.29453125
2 0.85234375 0.4546875 0.0390625 0.121875
2 0.45234375 0.43828125 0.0296875 0.1265625
2 0.4578125 0.58046875 0.04140625 0.20625
2 0.95 0.509375 0.0421875 0.16640625
2 0.6703125 0.45 0.03125 0.11796875
3 0.23203125 0.51328125 0.040625 0.175
2 0.6484375 0.434375 0.0359375 0.11640625
1 0.203125 0.44140625 0.03203125 0.1234375