1 0.28359375 0.4546875 0.0671875 0.13203125
3 0.06875 0.6078125 0.059375 0.253125
2 0.54921875 0.52421875 0.075 0.20546875
2 0.29296875 0.81796875 0.071875 0.1859375
2 0.3453125 0.88984375 0.0546875 0.2203125
2 0.6140625 0.62109375 0.065625 0.22890625
2 0.89765625 0.4078125 0.0515625 0.17734375
2 0.77578125 0.32421875 0.040625 0.14609375
2 0.7078125 0.534375 0.0578125 0.240625
2 0.68125 0.61484375 0.059375 0.1859375
2 0.675 0.76328125 0.10234375 0.21953125
2 0.828125 0.80625 0.0890625 0.20078125
2 0.75546875 0.56171875 0.04375 0.1828125