2 0.1828125 0.8140625 0.08125 0.2
2 0.271875 0.65859375 0.0546875 0.2171875
2 0.52109375 0.6125 0.0359375 0.1953125
2 0.52109375 0.48671875 0.0296875 0.08125
2 0.71796875 0.77578125 0.053125 0.221875
2 0.67109375 0.55234375 0.0390625 0.1984375
2 0.73671875 0.5390625 0.0484375 0.21875
2 0.71328125 0.3671875 0.0359375 0.1421875
2 0.590625 0.421875 0.028125 0.103125
2 0.621875 0.48515625 0.0390625 0.18125
2 0.628125 0.36640625 0.0546875 0.121875
2 0.58203125 0.33671875 0.0375 0.13125
3 0.35703125 0.309375 0.0421875 0.153125
3 0.85234375 0.82890625 0.0453125 0.2203125
1 0.26796875 0.428125 0.0484375 0.15