2 0.159375 0.4546875 0.0609375 0.20625
2 0.2265625 0.29921875 0.0453125 0.1625
2 0.4109375 0.4484375 0.053125 0.1765625
2 0.39921875 0.33828125 0.03125 0.0875
2 0.45078125 0.26953125 0.046875 0.1125
2 0.475 0.43203125 0.0578125 0.2125
2 0.496875 0.30703125 0.0375 0.1484375
2 0.534375 0.58828125 0.046875 0.1765625
2 0.53515625 0.46484375 0.0515625 0.1234375
2 0.80625 0.6390625 0.04375 0.1890625
2 0.47578125 0.8296875 0.0765625 0.259375
3 0.034375 0.49921875 0.0515625 0.203125
1 0.78125 0.390625 0.05 0.159375
3 0.975 0.5203125 0.0375 0.2109375