2 0.36640625 0.5984375 0.0625 0.1671875
2 0.5140625 0.70546875 0.05625 0.21875
2 0.6203125 0.615625 0.05 0.2171875
2 0.8296875 0.8125 0.0625 0.24375
2 0.88984375 0.5921875 0.0375 0.196875
2 0.87265625 0.47890625 0.0453125 0.1875
2 0.9390625 0.38828125 0.0609375 0.1765625
2 0.74609375 0.384375 0.0390625 0.15625
2 0.69921875 0.34453125 0.0359375 0.1515625
2 0.7375 0.29765625 0.01875 0.0703125
2 0.56875 0.41015625 0.059375 0.10625
3 0.51171875 0.30390625 0.0296875 0.178125
1 0.36640625 0.38515625 0.0515625 0.1453125