1 0.27578125 0.45390625 0.03125 0.1484375
3 0.10859375 0.51015625 0.0265625 0.171875
2 0.74453125 0.596875 0.05 0.16875
2 0.884375 0.4140625 0.0328125 0.134375
2 0.7109375 0.46015625 0.0328125 0.1328125
2 0.515625 0.484375 0.03125 0.1640625
2 0.54140625 0.4953125 0.03125 0.1484375
2 0.55 0.3984375 0.0234375 0.1046875
2 0.48125 0.33203125 0.0296875 0.1171875
2 0.29296875 0.621875 0.034375 0.184375
2 0.4265625 0.6890625 0.0390625 0.196875
2 0.425 0.59140625 0.034375 0.1796875
2 0.48515625 0.5265625 0.0234375 0.1671875