2 0.07109375 0.59609375 0.0546875 0.1765625
2 0.2125 0.53359375 0.03125 0.196875
2 0.2625 0.59296875 0.04375 0.203125
2 0.28515625 0.49765625 0.0421875 0.1875
2 0.30859375 0.3703125 0.0390625 0.121875
2 0.3640625 0.36640625 0.028125 0.1421875
2 0.38359375 0.4234375 0.028125 0.1609375
2 0.440625 0.39375 0.05625 0.128125
2 0.53515625 0.71171875 0.0703125 0.209375
2 0.66875 0.75078125 0.0546875 0.2546875
2 0.34140625 0.89765625 0.0703125 0.2046875
2 0.721875 0.91796875 0.08125 0.1640625
3 0.74609375 0.6296875 0.0546875 0.19140625
1 0.51953125 0.46328125 0.0390625 0.2078125