2 0.24375 0.65546875 0.0609375 0.2109375
2 0.21015625 0.42421875 0.0625 0.1703125
2 0.31015625 0.4625 0.046875 0.178125
2 0.35625 0.38203125 0.03125 0.1609375
2 0.33359375 0.28203125 0.0296875 0.1234375
2 0.36171875 0.26640625 0.0359375 0.1421875
2 0.41875 0.31171875 0.0390625 0.171875
2 0.45625 0.303125 0.0421875 0.1609375
2 0.47578125 0.56171875 0.05 0.178125
2 0.55625 0.58046875 0.0515625 0.1796875
2 0.6546875 0.621875 0.0671875 0.184375
2 0.91796875 0.67734375 0.0609375 0.196875
1 0.696875 0.39921875 0.0390625 0.171875
3 0.82265625 0.52890625 0.0546875 0.16875