3 0.63828125 0.6953125 0.05625 0.2140625
3 0.446875 0.3609375 0.0375 0.115625
1 0.36328125 0.43515625 0.0453125 0.121875
2 0.43671875 0.6046875 0.0390625 0.15625
2 0.44296875 0.50859375 0.028125 0.0875
2 0.5046875 0.61171875 0.04375 0.165625
2 0.47734375 0.53046875 0.034375 0.1359375
2 0.55078125 0.51328125 0.0296875 0.1421875
2 0.70234375 0.5609375 0.034375 0.1515625
2 0.59921875 0.46484375 0.025 0.1078125
2 0.64140625 0.43984375 0.034375 0.1140625
2 0.6703125 0.428125 0.025 0.1265625
2 0.628125 0.3671875 0.03125 0.0953125
2 0.83671875 0.378125 0.0265625 0.134375