2 0.50078125 0.78203125 0.0578125 0.2046875
2 0.4421875 0.74140625 0.05 0.190625
2 0.31484375 0.784375 0.040625 0.2
2 0.18515625 0.78125 0.0515625 0.2234375
2 0.253125 0.46171875 0.0515625 0.1921875
2 0.40390625 0.4578125 0.0328125 0.196875
2 0.415625 0.421875 0.0234375 0.171875
2 0.4078125 0.378125 0.0234375 0.159375
2 0.3921875 0.36640625 0.021875 0.1671875
2 0.3703125 0.34296875 0.021875 0.171875
1 0.68984375 0.3 0.065625 0.140625
3 0.63359375 0.81015625 0.0765625 0.1734375
3 0.31640625 0.1234375 0.0296875 0.15