2 0.19453125 0.4734375 0.05 0.1546875
2 0.24609375 0.39296875 0.04453125 0.11796875
2 0.31015625 0.4734375 0.06875 0.1625
2 0.325 0.4125 0.046875 0.1265625
2 0.41015625 0.37421875 0.0390625 0.15625
2 0.53046875 0.32578125 0.0296875 0.125
2 0.9859375 0.6296875 0.028125 0.178125
2 0.65078125 0.60078125 0.0453125 0.19296875
2 0.3203125 0.73359375 0.0515625 0.240625
2 0.43125 0.58828125 0.04296875 0.1171875
2 0.4640625 0.578125 0.0390625 0.153125
2 0.446875 0.52265625 0.05625 0.0734375
1 0.67734375 0.43671875 0.0390625 0.184375
3 0.81875 0.49609375 0.0390625 0.159375