2 0.31328125 0.68515625 0.06875 0.2125
2 0.36171875 0.6625 0.0328125 0.221875
2 0.43515625 0.5859375 0.0421875 0.171875
2 0.56953125 0.584375 0.0421875 0.1609375
2 0.61171875 0.60546875 0.0828125 0.159375
2 0.68359375 0.5296875 0.059375 0.1546875
2 0.64375 0.4546875 0.0359375 0.1515625
2 0.6 0.36796875 0.040625 0.1390625
2 0.53828125 0.284375 0.03125 0.1171875
2 0.8140625 0.5734375 0.075 0.1359375
2 0.92578125 0.4 0.059375 0.1625
1 0.3046875 0.45078125 0.059375 0.1390625
3 0.025 0.58125 0.0296875 0.1828125