2 0.56484375 0.91953125 0.0578125 0.1609375
2 0.6203125 0.784375 0.0421875 0.190625
2 0.4078125 0.6359375 0.0515625 0.1828125
2 0.34453125 0.6703125 0.0484375 0.171875
2 0.33046875 0.58046875 0.0390625 0.1921875
2 0.29140625 0.609375 0.028125 0.1765625
2 0.28828125 0.56171875 0.0359375 0.15625
2 0.25078125 0.565625 0.053125 0.146875
2 0.21171875 0.4875 0.0328125 0.1640625
2 0.12578125 0.45390625 0.046875 0.1328125
2 0.2625 0.42578125 0.046875 0.1203125
2 0.40546875 0.3578125 0.040625 0.1140625
3 0.8421875 0.6390625 0.0328125 0.1734375
1 0.665625 0.56328125 0.071875 0.1109375