1 0.7203125 0.3875 0.0328125 0.1546875
3 0.884375 0.5 0.0375 0.1578125
2 0.11875 0.4734375 0.0453125 0.1671875
2 0.32578125 0.67421875 0.0375 0.1890625
2 0.496875 0.5484375 0.0328125 0.1625
2 0.69609375 0.5890625 0.03125 0.153125
2 0.38046875 0.48125 0.034375 0.1625
2 0.4046875 0.37578125 0.034375 0.13125
2 0.49375 0.32109375 0.0234375 0.1546875
2 0.41328125 0.34375 0.028125 0.1078125
2 0.39921875 0.28359375 0.0375 0.1296875
2 0.3109375 0.3 0.0328125 0.140625
2 0.24140625 0.28828125 0.0359375 0.1390625
2 0.9625 0.65390625 0.0296875 0.175