3 0.01875 0.68359375 0.0375 0.2265625
3 0.4921875 0.33515625 0.0265625 0.125
1 0.5703125 0.40390625 0.0453125 0.115625
2 0.13203125 0.3609375 0.03125 0.121875
2 0.2359375 0.46796875 0.0375 0.1328125
2 0.2875 0.4078125 0.0359375 0.1265625
2 0.33046875 0.34765625 0.025 0.0859375
2 0.3203125 0.44765625 0.025 0.103125
2 0.3390625 0.4609375 0.021875 0.1328125
2 0.3640625 0.44609375 0.03125 0.125
2 0.43828125 0.50234375 0.0421875 0.1671875
2 0.5859375 0.54140625 0.0359375 0.1609375
2 0.49921875 0.64921875 0.0484375 0.1765625