2 0.78828125 0.6296875 0.06875 0.15625
2 0.6984375 0.61328125 0.0546875 0.121875
2 0.4453125 0.57890625 0.06875 0.1875
2 0.4109375 0.64140625 0.046875 0.1796875
2 0.390625 0.5046875 0.0375 0.1609375
2 0.24375 0.50546875 0.0453125 0.1625
2 0.18671875 0.5296875 0.0375 0.1984375
2 0.15390625 0.44609375 0.0328125 0.1578125
2 0.25390625 0.4203125 0.0359375 0.153125
2 0.2921875 0.37265625 0.0265625 0.153125
2 0.334375 0.315625 0.0265625 0.15
1 0.62421875 0.45625 0.0390625 0.15
3 0.49453125 0.36171875 0.0515625 0.1125