2 0.28984375 0.6375 0.03125 0.1828125
2 0.61796875 0.72734375 0.06875 0.1953125
2 0.725 0.646875 0.0375 0.19375
2 0.8984375 0.41953125 0.0453125 0.1390625
2 0.725 0.47421875 0.040625 0.1453125
2 0.58671875 0.4140625 0.03125 0.1140625
2 0.4828125 0.3515625 0.0234375 0.125
2 0.55 0.55078125 0.0453125 0.171875
2 0.49375 0.60234375 0.046875 0.190625
2 0.4890625 0.5296875 0.0296875 0.1296875
3 0.82265625 0.75546875 0.034375 0.20625
1 0.32578125 0.4890625 0.034375 0.15625
3 0.365625 0.4140625 0.0328125 0.1390625
2 0.01953125 0.62265625 0.0390625 0.1234375