3 0.86015625 0.828125 0.0515625 0.203125
3 0.496875 0.490625 0.028125 0.1109375
1 0.415625 0.54140625 0.03125 0.1265625
2 0.43671875 0.7203125 0.0546875 0.1421875
2 0.07109375 0.69375 0.0390625 0.15625
2 0.5890625 0.45390625 0.0234375 0.09375
2 0.66015625 0.5203125 0.0328125 0.1078125
2 0.6375 0.6234375 0.034375 0.1359375
2 0.57890625 0.65625 0.0390625 0.134375
2 0.590625 0.621875 0.0328125 0.1484375
2 0.5109375 0.74375 0.0390625 0.1953125
2 0.79609375 0.65 0.05 0.1546875
2 0.7125 0.578125 0.0421875 0.11875
2 0.8453125 0.52109375 0.0265625 0.121875
0 0.7796875 0.63984375 0.0234375 0.025