2 0.2640625 0.315625 0.0390625 0.13125
2 0.3359375 0.46796875 0.05 0.1625
2 0.38515625 0.75703125 0.0671875 0.2265625
2 0.41015625 0.39296875 0.04375 0.15625
2 0.43671875 0.42734375 0.0359375 0.1875
2 0.51015625 0.31328125 0.028125 0.1421875
2 0.5859375 0.2234375 0.03125 0.121875
2 0.52265625 0.4859375 0.034375 0.1609375
2 0.57734375 0.5375 0.0359375 0.1375
2 0.5875 0.50859375 0.0359375 0.1390625
2 0.67890625 0.58828125 0.0375 0.1765625
2 0.7203125 0.62265625 0.046875 0.2109375
3 0.6859375 0.3125 0.0328125 0.140625
3 0.7546875 0.39140625 0.046875 0.1359375