2 0.23984375 0.6421875 0.0671875 0.2171875
2 0.48828125 0.84296875 0.0828125 0.25625
2 0.5078125 0.70234375 0.05625 0.2578125
2 0.56328125 0.52109375 0.0578125 0.2375
2 0.5953125 0.5140625 0.028125 0.2328125
2 0.60625 0.4171875 0.03125 0.1203125
2 0.653125 0.5171875 0.0359375 0.1890625
2 0.6875 0.5125 0.04375 0.25
2 0.70859375 0.37421875 0.0484375 0.15
2 0.7515625 0.40546875 0.0265625 0.159375
2 0.5515625 0.275 0.04375 0.11875
3 0.421875 0.3171875 0.040625 0.153125
1 0.30546875 0.4296875 0.0421875 0.1203125
3 0.97265625 0.88671875 0.0546875 0.2265625