2 0.3234375 0.24609375 0.0453125 0.1625
2 0.42734375 0.3265625 0.0421875 0.1578125
2 0.60625 0.365625 0.046875 0.1546875
2 0.7796875 0.3375 0.040625 0.1453125
2 0.82265625 0.55859375 0.06171875 0.1765625
2 0.68671875 0.9015625 0.059375 0.196875
2 0.615625 0.79609375 0.0515625 0.24375
2 0.50078125 0.5484375 0.065625 0.1828125
2 0.3125 0.5671875 0.040625 0.2390625
2 0.33125 0.61875 0.0296875 0.2
2 0.3578125 0.56015625 0.0390625 0.1875
1 0.1359375 0.45234375 0.04375 0.175
3 0.99296875 0.51015625 0.0140625 0.16875
2 0.56484375 0.48671875 0.05546875 0.14609375