3 0.0390625 0.48984375 0.028125 0.16875
3 0.95546875 0.403125 0.034375 0.1546875
1 0.1921875 0.41796875 0.0453125 0.1546875
2 0.16953125 0.56875 0.0484375 0.184375
2 0.465625 0.55703125 0.0375 0.1875
2 0.50546875 0.578125 0.0265625 0.1640625
2 0.66015625 0.709375 0.0625 0.2015625
2 0.509375 0.484375 0.028125 0.165625
2 0.5828125 0.4390625 0.034375 0.1625
2 0.58046875 0.36171875 0.021875 0.1015625
2 0.4671875 0.34140625 0.0359375 0.13125
2 0.80234375 0.371875 0.0375 0.1546875
2 0.84921875 0.47890625 0.0421875 0.1734375