1 0.23203125 0.5046875 0.0359375 0.1484375
3 0.5953125 0.78125 0.0484375 0.21875
3 0.31640625 0.3859375 0.03125 0.1421875
2 0.29765625 0.70390625 0.046875 0.1796875
2 0.48828125 0.56484375 0.0390625 0.1609375
2 0.51796875 0.58984375 0.04375 0.1078125
2 0.53515625 0.56328125 0.0375 0.1046875
2 0.5765625 0.546875 0.046875 0.1375
2 0.5796875 0.44921875 0.0390625 0.1046875
2 0.5046875 0.41953125 0.0234375 0.1453125
2 0.403125 0.32421875 0.021875 0.1359375
2 0.63359375 0.3828125 0.0234375 0.1265625
2 0.66484375 0.63125 0.046875 0.1453125
2 0.64296875 0.5375 0.0296875 0.14375
0 0.61796875 0.58046875 0.01484375 0.02109375