3 0.74921875 0.4875 0.0421875 0.1890625
1 0.61328125 0.4703125 0.0546875 0.1796875
2 0.84296875 0.6734375 0.0640625 0.1875
2 0.6671875 0.60703125 0.0390625 0.18125
2 0.4546875 0.603125 0.084375 0.1796875
2 0.35546875 0.80390625 0.0578125 0.278125
2 0.2546875 0.56328125 0.0546875 0.1984375
2 0.2875 0.50703125 0.05 0.1796875
2 0.1625 0.49765625 0.0484375 0.203125
2 0.09296875 0.55625 0.046875 0.2125
2 0.02109375 0.59765625 0.0421875 0.2359375
2 0.2125 0.390625 0.0421875 0.1546875
2 0.2171875 0.32109375 0.03125 0.1359375