2 0.3453125 0.87734375 0.084375 0.24375
2 0.346875 0.6890625 0.0390625 0.2125
2 0.328125 0.640625 0.03125 0.19375
2 0.40859375 0.5953125 0.059375 0.1828125
2 0.6109375 0.54375 0.0390625 0.1953125
2 0.80703125 0.74765625 0.078125 0.2515625
2 0.73125 0.4671875 0.0390625 0.171875
2 0.78046875 0.46328125 0.0296875 0.15625
2 0.64140625 0.38515625 0.0234375 0.1453125
2 0.6765625 0.353125 0.0359375 0.1546875
2 0.58828125 0.23984375 0.025 0.1578125
2 0.63671875 0.3390625 0.040625 0.1234375
3 0.4015625 0.28515625 0.040625 0.1375
3 0.93046875 0.92265625 0.1359375 0.1546875
1 0.33828125 0.40078125 0.05 0.1640625