2 0.23125 0.4125 0.034375 0.1296875
2 0.55703125 0.3359375 0.0234375 0.1015625
2 0.4203125 0.56953125 0.0421875 0.1359375
2 0.42578125 0.47265625 0.025 0.1171875
2 0.45078125 0.4828125 0.021875 0.11875
2 0.47421875 0.41640625 0.028125 0.1296875
2 0.48203125 0.58046875 0.0625 0.1390625
2 0.48203125 0.52265625 0.0453125 0.115625
2 0.55546875 0.73046875 0.0546875 0.1859375
2 0.58359375 0.6125 0.046875 0.1734375
2 0.775 0.65 0.0359375 0.1625
3 0.85234375 0.53984375 0.040625 0.1546875
3 0.0328125 0.51875 0.053125 0.1390625
1 0.71328125 0.47421875 0.0484375 0.128125