2 0.29296875 0.65390625 0.0359375 0.175
2 0.046875 0.6234375 0.034375 0.0984375
2 0.38359375 0.75703125 0.0453125 0.146875
2 0.4703125 0.66640625 0.0234375 0.16875
2 0.65 0.609375 0.0234375 0.140625
2 0.7609375 0.61015625 0.0375 0.1484375
2 0.71953125 0.5328125 0.03125 0.13125
2 0.615625 0.55625 0.0171875 0.1125
2 0.6015625 0.5125 0.03125 0.1328125
2 0.634375 0.51484375 0.01875 0.1265625
2 0.65625 0.484375 0.025 0.0984375
3 0.25703125 0.53984375 0.0515625 0.125
3 0.95078125 0.58671875 0.0359375 0.1484375
1 0.371875 0.50390625 0.0328125 0.109375