2 0.24921875 0.4125 0.0390625 0.146875
2 0.215625 0.53359375 0.0453125 0.1671875
2 0.26171875 0.590625 0.040625 0.1875
2 0.29921875 0.5828125 0.0359375 0.1734375
2 0.34609375 0.69296875 0.0546875 0.1859375
2 0.509375 0.60625 0.0375 0.2015625
2 0.36640625 0.52890625 0.0484375 0.1546875
2 0.33046875 0.51953125 0.059375 0.0796875
2 0.3234375 0.47109375 0.028125 0.0984375
1 0.571875 0.45859375 0.0484375 0.1296875
3 0.70625 0.4984375 0.0390625 0.153125
2 0.859375 0.61328125 0.0328125 0.1859375
2 0.403125 0.3453125 0.0328125 0.1171875