2 0.1609375 0.4578125 0.040625 0.1828125
2 0.18671875 0.5359375 0.04375 0.19375
2 0.2546875 0.46640625 0.046875 0.16875
2 0.325 0.4453125 0.05 0.1640625
2 0.353125 0.3640625 0.0375 0.1359375
2 0.3890625 0.31015625 0.0328125 0.146875
2 0.3671875 0.5453125 0.08125 0.1765625
2 0.53203125 0.65234375 0.0578125 0.1984375
2 0.5234375 0.6046875 0.0921875 0.171875
2 0.6625 0.61796875 0.0453125 0.1671875
2 0.89140625 0.62109375 0.0421875 0.2046875
1 0.6390625 0.453125 0.053125 0.165625
3 0.55078125 0.3546875 0.034375 0.14375