1 0.425 0.46953125 0.0484375 0.190625
3 0.46875 0.4 0.040625 0.1671875
2 0.03359375 0.8453125 0.0671875 0.221875
2 0.30390625 0.81171875 0.08125 0.253125
2 0.53515625 0.7125 0.06875 0.2390625
2 0.65546875 0.64609375 0.059375 0.225
2 0.76796875 0.53671875 0.059375 0.178125
2 0.74140625 0.40703125 0.04375 0.1328125
2 0.8171875 0.50234375 0.053125 0.1796875
2 0.85390625 0.584375 0.0546875 0.209375
2 0.96640625 0.5265625 0.0625 0.1796875
2 0.71640625 0.859375 0.0890625 0.2453125
2 0.88046875 0.80703125 0.0828125 0.246875
2 0.5296875 0.49765625 0.0421875 0.18125