2 0.1125 0.74609375 0.06875 0.2328125
2 0.27265625 0.66015625 0.0625 0.1875
2 0.46484375 0.653125 0.065625 0.1875
2 0.515625 0.76953125 0.0484375 0.2546875
2 0.50625 0.5703125 0.0390625 0.1828125
2 0.55859375 0.603125 0.05 0.18125
2 0.6421875 0.58828125 0.0390625 0.18125
2 0.65390625 0.4671875 0.0578125 0.1640625
2 0.878125 0.46796875 0.0484375 0.17578125
2 0.98359375 0.79453125 0.0328125 0.221875
2 0.5734375 0.3875 0.028125 0.1234375
2 0.46328125 0.30703125 0.03125 0.1296875
3 0.13671875 0.57578125 0.0390625 0.1625
1 0.24296875 0.45703125 0.075 0.1375