2 0.1546875 0.51875 0.0328125 0.1515625
2 0.32265625 0.40625 0.0234375 0.13125
2 0.35859375 0.47734375 0.034375 0.14375
2 0.4625 0.515625 0.040625 0.1546875
2 0.565625 0.51640625 0.03125 0.1484375
2 0.60703125 0.52734375 0.0265625 0.1515625
2 0.653125 0.52890625 0.0390625 0.125
2 0.7046875 0.61953125 0.0515625 0.1578125
2 0.48125 0.69609375 0.059375 0.1703125
2 0.40234375 0.35625 0.025 0.096875
3 0.55390625 0.346875 0.025 0.1125
3 0.06171875 0.65 0.04375 0.1921875
1 0.63359375 0.40625 0.034375 0.1265625