2 0.13671875 0.3640625 0.0359375 0.1234375
2 0.246875 0.4078125 0.0375 0.1125
2 0.3078125 0.3671875 0.0390625 0.125
2 0.3484375 0.31328125 0.0203125 0.1015625
2 0.51796875 0.66953125 0.0515625 0.16875
2 0.6 0.55390625 0.0359375 0.15625
2 0.4609375 0.525 0.05 0.146875
2 0.34765625 0.52734375 0.053125 0.1296875
2 0.3328125 0.47578125 0.0484375 0.1296875
2 0.3734375 0.47421875 0.028125 0.1453125
2 0.39921875 0.49453125 0.034375 0.134375
3 0.4734375 0.3296875 0.028125 0.1234375
1 0.58359375 0.40859375 0.046875 0.1296875