2 0.221875 0.57890625 0.0375 0.1640625
2 0.31171875 0.6015625 0.0296875 0.1703125
2 0.3421875 0.60390625 0.0484375 0.1859375
2 0.44609375 0.5984375 0.0484375 0.1765625
2 0.4796875 0.5875 0.0390625 0.1828125
2 0.49296875 0.45859375 0.0390625 0.15
2 0.52421875 0.36796875 0.0265625 0.13125
2 0.62109375 0.625 0.0359375 0.1875
2 0.76015625 0.6296875 0.05625 0.1890625
2 0.86484375 0.653125 0.053125 0.203125
2 0.71875 0.559375 0.034375 0.171875
2 0.95234375 0.5890625 0.040625 0.16875
3 0.79296875 0.5375 0.046875 0.16875
3 0.121875 0.45703125 0.0484375 0.1515625
1 0.60234375 0.4953125 0.046875 0.175