1 0.61328125 0.43671875 0.046875 0.14296875
3 0.57109375 0.346875 0.0375 0.171875
2 0.57265625 0.6 0.0578125 0.1671875
2 0.3921875 0.68359375 0.0625 0.1859375
2 0.2296875 0.525 0.040625 0.18828125
2 0.3734375 0.53515625 0.0328125 0.1703125
2 0.35546875 0.440625 0.03125 0.1625
2 0.24375 0.4265625 0.040625 0.209375
2 0.2890625 0.403125 0.0375 0.184375
2 0.3015625 0.41171875 0.03125 0.178125
2 0.3265625 0.36796875 0.03125 0.184375
2 0.43046875 0.31484375 0.04375 0.1609375
2 0.93125 0.628125 0.0765625 0.1921875