2 0.07109375 0.7296875 0.053125 0.15625
2 0.346875 0.6984375 0.0390625 0.1765625
2 0.49296875 0.63359375 0.034375 0.171875
2 0.47421875 0.59375 0.0390625 0.1296875
2 0.565625 0.79453125 0.059375 0.1765625
2 0.56953125 0.55546875 0.046875 0.1234375
2 0.58359375 0.49453125 0.0375 0.125
2 0.63984375 0.5015625 0.046875 0.1328125
2 0.659375 0.46796875 0.05 0.1359375
2 0.5703125 0.41484375 0.0375 0.1109375
2 0.49453125 0.35703125 0.046875 0.09375
2 0.85390625 0.4125 0.046875 0.103125
1 0.26953125 0.521875 0.06875 0.0828125
3 0.809375 0.75078125 0.078125 0.13125
3 0.38203125 0.41015625 0.0453125 0.1140625