3 0.26328125 0.56875 0.0578125 0.159375
1 0.3671875 0.4953125 0.0484375 0.1265625
2 0.2765625 0.68359375 0.0484375 0.17109375
2 0.38203125 0.659375 0.053125 0.1484375
2 0.54140625 0.6234375 0.0515625 0.1515625
2 0.771875 0.43046875 0.0421875 0.1078125
2 0.7765625 0.38203125 0.0390625 0.109375
2 0.7234375 0.4671875 0.0421875 0.153125
2 0.70390625 0.56171875 0.0390625 0.1546875
2 0.64296875 0.615625 0.0421875 0.1921875
2 0.609375 0.646875 0.03125 0.0984375
2 0.58515625 0.7296875 0.075 0.1359375
0 0.60078125 0.76640625 0.03125 0.115625