2 0.88828125 0.61484375 0.0484375 0.196875
2 0.740625 0.59296875 0.0390625 0.184375
2 0.665625 0.534375 0.0375 0.16875
2 0.58828125 0.47890625 0.0328125 0.1609375
2 0.621875 0.5140625 0.0234375 0.1734375
2 0.5328125 0.4265625 0.034375 0.175
2 0.42734375 0.40390625 0.0375 0.14375
2 0.27734375 0.6234375 0.0265625 0.2
2 0.4796875 0.76484375 0.0609375 0.2390625
2 0.221875 0.2984375 0.03125 0.14375
2 0.5203125 0.315625 0.03125 0.13125
2 0.60703125 0.21953125 0.025 0.13125
3 0.728125 0.309375 0.0265625 0.134375
1 0.82265625 0.4046875 0.0328125 0.1578125