2 0.05078125 0.46015625 0.0671875 0.1390625
2 0.146875 0.434375 0.053125 0.184375
2 0.2703125 0.52265625 0.053125 0.1640625
2 0.2453125 0.43046875 0.04375 0.05
2 0.37109375 0.45546875 0.034375 0.1421875
2 0.32265625 0.5578125 0.040625 0.2109375
2 0.36484375 0.59375 0.040625 0.1765625
2 0.2015625 0.771875 0.1015625 0.203125
2 0.20546875 0.65625 0.0578125 0.1671875
2 0.21484375 0.61171875 0.04375 0.128125
2 0.5953125 0.70625 0.071875 0.1984375
1 0.55390625 0.45546875 0.046875 0.1671875
3 0.4453125 0.396875 0.040625 0.1375
0 0.67109375 0.4671875 0.03203125 0.0328125