3 0.0265625 0.77734375 0.05 0.2515625
3 0.68203125 0.3921875 0.028125 0.1578125
2 0.2390625 0.4359375 0.040625 0.16875
2 0.3265625 0.434375 0.028125 0.153125
2 0.35625 0.5578125 0.0421875 0.18125
2 0.346875 0.44453125 0.034375 0.15
2 0.36015625 0.4015625 0.028125 0.078125
2 0.3453125 0.321875 0.025 0.1140625
2 0.39453125 0.38359375 0.0359375 0.1234375
2 0.43203125 0.5203125 0.0484375 0.2
2 0.39921875 0.79375 0.0515625 0.2390625
2 0.48203125 0.63359375 0.0484375 0.2109375
2 0.659375 0.64453125 0.0421875 0.2109375
1 0.7375 0.4640625 0.0375 0.1546875