2 0.15859375 0.54921875 0.0515625 0.1921875
2 0.05390625 0.40625 0.0546875 0.1390625
2 0.23125 0.46484375 0.0484375 0.1609375
2 0.3140625 0.36953125 0.025 0.1359375
2 0.32890625 0.4859375 0.034375 0.146875
2 0.37421875 0.52421875 0.0359375 0.1859375
2 0.37734375 0.68515625 0.0703125 0.159375
2 0.465625 0.62578125 0.046875 0.16875
2 0.34609375 0.38671875 0.0328125 0.096875
2 0.38359375 0.31640625 0.0484375 0.121875
1 0.53515625 0.4234375 0.0265625 0.1734375
3 0.52578125 0.35 0.0234375 0.11875
2 0.865625 0.634375 0.0484375 0.14375