2 0.15078125 0.428125 0.0359375 0.1671875
2 0.1796875 0.54765625 0.0546875 0.1921875
2 0.425 0.73828125 0.0390625 0.228125
2 0.5671875 0.62109375 0.040625 0.2125
2 0.81015625 0.6390625 0.0453125 0.1921875
2 0.98515625 0.6796875 0.0296875 0.24375
2 0.52421875 0.5359375 0.034375 0.1828125
2 0.5421875 0.52421875 0.0265625 0.1640625
2 0.4796875 0.4921875 0.0390625 0.165625
2 0.478125 0.43515625 0.028125 0.1640625
2 0.49140625 0.390625 0.0265625 0.1515625
2 0.38203125 0.4484375 0.0296875 0.159375
1 0.775 0.4671875 0.0421875 0.15625
3 0.7234375 0.3984375 0.028125 0.140625
3 0.24375 0.7671875 0.0671875 0.2421875