3 0.9734375 0.5171875 0.0328125 0.1515625
3 0.09140625 0.4171875 0.0359375 0.140625
1 0.76640625 0.409375 0.034375 0.15
2 0.78203125 0.61875 0.034375 0.1640625
2 0.4515625 0.6421875 0.0609375 0.1671875
2 0.56796875 0.57578125 0.0421875 0.1515625
2 0.540625 0.51015625 0.025 0.175
2 0.56796875 0.5234375 0.0421875 0.1546875
2 0.553125 0.3234375 0.0203125 0.134375
2 0.59921875 0.24765625 0.0234375 0.10625
2 0.46640625 0.378125 0.0328125 0.1390625
2 0.40859375 0.44765625 0.046875 0.1265625
2 0.33125 0.4765625 0.046875 0.1390625
2 0.23984375 0.3546875 0.0484375 0.1109375
0 0.33515625 0.475 0.01796875 0.021875