2 0.159375 0.6640625 0.0765625 0.2109375
2 0.22109375 0.52421875 0.0828125 0.15625
2 0.39453125 0.840625 0.09375 0.2140625
2 0.36953125 0.4671875 0.0625 0.1609375
2 0.3890625 0.38203125 0.0390625 0.1484375
2 0.42265625 0.33515625 0.0390625 0.1296875
2 0.4171875 0.59453125 0.0390625 0.1640625
2 0.4515625 0.60078125 0.0390625 0.1953125
2 0.47578125 0.53125 0.0453125 0.1359375
2 0.5875 0.6265625 0.059375 0.209375
2 0.6671875 0.68671875 0.0609375 0.20625
2 0.91328125 0.78515625 0.0859375 0.17421875
3 0.934375 0.5765625 0.06875 0.2203125
1 0.78359375 0.528125 0.0859375 0.1078125