2 0.97265625 0.71953125 0.0484375 0.196875
2 0.70234375 0.70234375 0.034375 0.203125
2 0.6171875 0.68359375 0.059375 0.1453125
2 0.60390625 0.6609375 0.0578125 0.128125
2 0.5109375 0.60625 0.046875 0.171875
2 0.40390625 0.51015625 0.0484375 0.184375
2 0.353125 0.46875 0.040625 0.165625
2 0.36015625 0.51640625 0.03125 0.140625
2 0.3796875 0.3546875 0.0296875 0.1484375
2 0.2625 0.4078125 0.0375 0.1578125
2 0.2671875 0.31328125 0.0359375 0.1265625
2 0.15 0.57890625 0.040625 0.1875
3 0.0109375 0.45625 0.021875 0.1625
3 0.87421875 0.52890625 0.0296875 0.159375
1 0.7046875 0.4515625 0.040625 0.15