2 0.9203125 0.79453125 0.0671875 0.1796875
2 0.81328125 0.646875 0.0421875 0.1671875
2 0.79921875 0.50703125 0.0421875 0.15
2 0.721875 0.51796875 0.05625 0.171875
2 0.68046875 0.6328125 0.0421875 0.1515625
2 0.41640625 0.83125 0.05625 0.2265625
2 0.33984375 0.51640625 0.0453125 0.1375
2 0.28515625 0.50859375 0.0453125 0.134375
2 0.3359375 0.3859375 0.0390625 0.1171875
2 0.45703125 0.3734375 0.03125 0.1140625
2 0.5421875 0.46796875 0.0359375 0.1296875
2 0.57734375 0.4078125 0.0265625 0.121875
3 0.8203125 0.4046875 0.0328125 0.1203125
3 0.01953125 0.82578125 0.0390625 0.1953125
0 0.3890625 0.51328125 0.015625 0.01953125