1 0.3296875 0.47734375 0.0453125 0.146875
3 0.15625 0.546875 0.034375 0.1828125
2 0.5046875 0.340625 0.0375 0.134375
2 0.37421875 0.66640625 0.0609375 0.184375
2 0.5265625 0.746875 0.0515625 0.1953125
2 0.5671875 0.6078125 0.04375 0.1859375
2 0.6265625 0.5421875 0.0421875 0.14375
2 0.66953125 0.58984375 0.05 0.1578125
2 0.68125 0.4734375 0.0421875 0.140625
2 0.665625 0.5015625 0.0203125 0.0984375
2 0.64375 0.4765625 0.034375 0.0859375
2 0.67109375 0.38125 0.0390625 0.078125
2 0.88828125 0.43984375 0.046875 0.15