2 0.68671875 0.72734375 0.046875 0.190625
2 0.5125 0.8703125 0.053125 0.225
2 0.365625 0.6640625 0.0328125 0.184375
2 0.31328125 0.64296875 0.0421875 0.2078125
2 0.4609375 0.5953125 0.05 0.1671875
2 0.4109375 0.55703125 0.04375 0.1515625
2 0.3734375 0.52109375 0.0359375 0.153125
2 0.33828125 0.52421875 0.040625 0.175
2 0.3703125 0.47734375 0.0359375 0.153125
2 0.3484375 0.36484375 0.0375 0.15625
2 0.47890625 0.2796875 0.03125 0.1203125
3 0.965625 0.5796875 0.0265625 0.184375
1 0.74140625 0.4578125 0.046875 0.159375
0 0.3703125 0.52734375 0.0140625 0.025