2 0.109375 0.6609375 0.059375 0.2265625
2 0.27734375 0.5953125 0.05625 0.1875
2 0.38203125 0.66640625 0.05 0.2546875
2 0.4328125 0.5515625 0.059375 0.1765625
2 0.58046875 0.48125 0.04375 0.15625
2 0.625 0.46640625 0.0359375 0.1578125
2 0.6578125 0.45078125 0.028125 0.171875
2 0.70546875 0.6171875 0.0359375 0.20625
2 0.86796875 0.35234375 0.0390625 0.153125
2 0.6109375 0.34140625 0.03125 0.1328125
2 0.55859375 0.28515625 0.0265625 0.11875
3 0.7734375 0.7984375 0.0671875 0.2859375
3 0.41171875 0.31484375 0.040625 0.1484375
1 0.31328125 0.4125 0.0515625 0.1625