3 0.14140625 0.68046875 0.034375 0.1921875
3 0.709375 0.29375 0.034375 0.140625
1 0.77421875 0.38671875 0.0359375 0.159375
2 0.7859375 0.68125 0.053125 0.196875
2 0.73828125 0.54296875 0.034375 0.1765625
2 0.70078125 0.57421875 0.034375 0.1890625
2 0.571875 0.696875 0.0359375 0.215625
2 0.571875 0.4734375 0.0265625 0.1578125
2 0.59921875 0.49296875 0.0265625 0.16875
2 0.6328125 0.49765625 0.028125 0.1953125
2 0.49296875 0.4234375 0.0359375 0.178125
2 0.39453125 0.3765625 0.0375 0.1546875
2 0.57890625 0.20078125 0.03125 0.1265625
2 0.4875 0.3015625 0.0265625 0.134375
2 0.19375 0.27890625 0.028125 0.14375
2 0.2359375 0.56875 0.0421875 0.1875