1 0.55234375 0.50625 0.0421875 0.1203125
3 0.4515625 0.44140625 0.034375 0.1125
3 0.190625 0.78203125 0.06875 0.2125
2 0.15078125 0.4984375 0.0609375 0.1296875
2 0.253125 0.55546875 0.0421875 0.1296875
2 0.28203125 0.53671875 0.0265625 0.1328125
2 0.259375 0.4640625 0.03125 0.065625
2 0.34453125 0.60078125 0.03125 0.1234375
2 0.37265625 0.60859375 0.0234375 0.153125
2 0.3828125 0.56328125 0.0265625 0.1125
2 0.4890625 0.69609375 0.05 0.165625
2 0.4890625 0.61171875 0.0265625 0.1046875
2 0.56015625 0.63515625 0.03125 0.1671875
2 0.88671875 0.6421875 0.0484375 0.1765625
2 0.36171875 0.4140625 0.0296875 0.1140625