2 0.1921875 0.3515625 0.04375 0.1265625
2 0.30703125 0.65 0.0515625 0.2109375
2 0.603125 0.8203125 0.065625 0.2296875
2 0.9203125 0.75 0.053125 0.2375
2 0.8734375 0.6890625 0.0453125 0.2109375
2 0.678125 0.6328125 0.0515625 0.1921875
2 0.54140625 0.56015625 0.0578125 0.171875
2 0.51953125 0.44375 0.034375 0.08125
2 0.55390625 0.4671875 0.03125 0.0875
2 0.428125 0.39453125 0.0359375 0.1484375
2 0.51796875 0.33828125 0.0390625 0.140625
2 0.6046875 0.2515625 0.03125 0.1203125
1 0.79140625 0.41640625 0.03125 0.1453125
3 0.98359375 0.52421875 0.0328125 0.15625
3 0.109375 0.44609375 0.0375 0.1625