2 0.0953125 0.4625 0.0390625 0.1625
2 0.29296875 0.55703125 0.0390625 0.1765625
2 0.33984375 0.50859375 0.0390625 0.1515625
2 0.44765625 0.5234375 0.0375 0.1578125
2 0.47265625 0.44921875 0.0421875 0.146875
2 0.60390625 0.40546875 0.04375 0.14375
2 0.70234375 0.36328125 0.0296875 0.1375
2 0.8453125 0.6359375 0.0421875 0.215625
2 0.584375 0.61171875 0.046875 0.1796875
2 0.52578125 0.5609375 0.0515625 0.184375
2 0.43359375 0.70546875 0.046875 0.2046875
3 0.18671875 0.67734375 0.0546875 0.196875
3 0.8328125 0.41875 0.021875 0.140625
1 0.86015625 0.45859375 0.0265625 0.1609375