2 0.33828125 0.68671875 0.0640625 0.1796875
2 0.35703125 0.590625 0.0390625 0.1140625
2 0.4859375 0.53828125 0.028125 0.1171875
2 0.53125 0.5734375 0.059375 0.1140625
2 0.51171875 0.48359375 0.040625 0.0625
2 0.5046875 0.45625 0.0234375 0.0390625
2 0.54453125 0.47109375 0.03125 0.1203125
2 0.5921875 0.459375 0.0296875 0.1375
2 0.63828125 0.434375 0.0359375 0.1578125
2 0.5109375 0.37578125 0.0234375 0.125
2 0.86796875 0.40078125 0.03125 0.1359375
2 0.41171875 0.3203125 0.025 0.1234375
1 0.259375 0.44375 0.040625 0.1609375
3 0.12421875 0.5203125 0.034375 0.15625