2 0.07890625 0.590625 0.05 0.2328125
2 0.33359375 0.57734375 0.05625 0.20625
2 0.5296875 0.6921875 0.059375 0.2484375
2 0.52421875 0.55546875 0.053125 0.21875
2 0.60625 0.49140625 0.04375 0.19375
2 0.69765625 0.45390625 0.034375 0.1703125
2 0.671875 0.34296875 0.0234375 0.1453125
2 0.71328125 0.38671875 0.0265625 0.1640625
2 0.84140625 0.5234375 0.0625 0.184375
2 0.90546875 0.415625 0.040625 0.184375
2 0.78359375 0.30390625 0.034375 0.134375
3 0.2140625 0.44921875 0.0359375 0.184375
1 0.39453125 0.3875 0.046875 0.1859375