2 0.44453125 0.7640625 0.046875 0.2015625
2 0.13203125 0.4921875 0.0359375 0.1515625
2 0.2390625 0.41796875 0.0359375 0.1296875
2 0.9578125 0.70390625 0.0390625 0.1765625
2 0.79765625 0.64296875 0.0375 0.1765625
2 0.61875 0.5984375 0.0359375 0.16875
2 0.621875 0.61640625 0.0296875 0.16875
2 0.5640625 0.55625 0.034375 0.159375
2 0.503125 0.47109375 0.0234375 0.159375
2 0.46796875 0.4609375 0.0484375 0.121875
2 0.5171875 0.45234375 0.034375 0.1453125
2 0.52578125 0.36796875 0.0265625 0.115625
1 0.76328125 0.44765625 0.040625 0.1359375
3 0.940625 0.5484375 0.046875 0.15625
3 0.0546875 0.4171875 0.0328125 0.11875
2 0.596875 0.3015625 0.0203125 0.109375