1 0.2875 0.48828125 0.0578125 0.1609375
3 0.10234375 0.575 0.0390625 0.19375
2 0.05859375 0.83515625 0.0640625 0.2578125
2 0.3484375 0.69375 0.0578125 0.2203125
2 0.4875 0.6546875 0.0703125 0.20625
2 0.465625 0.59921875 0.05 0.1953125
2 0.53203125 0.590625 0.0640625 0.196875
2 0.6109375 0.56484375 0.0453125 0.196875
2 0.6265625 0.55078125 0.028125 0.1921875
2 0.490625 0.2640625 0.03125 0.15
2 0.65078125 0.3890625 0.0671875 0.15625
2 0.746875 0.48359375 0.0625 0.175
2 0.8046875 0.53359375 0.0515625 0.171875
2 0.88359375 0.3734375 0.0671875 0.140625