2 0.41171875 0.296875 0.0328125 0.1453125
2 0.42578125 0.228125 0.046875 0.15625
2 0.08671875 0.66953125 0.0703125 0.1984375
2 0.353125 0.60703125 0.046875 0.221875
2 0.3796875 0.51328125 0.0546875 0.190625
2 0.46796875 0.44140625 0.040625 0.2015625
2 0.5390625 0.4734375 0.040625 0.2296875
2 0.6125 0.3390625 0.0453125 0.178125
2 0.734375 0.31640625 0.046875 0.165625
2 0.803125 0.45234375 0.05625 0.19375
2 0.5875 0.8171875 0.05 0.253125
3 0.70390625 0.64140625 0.0515625 0.2421875
3 0.19765625 0.30390625 0.0515625 0.159375
1 0.10859375 0.41640625 0.0546875 0.1734375