3 0.0734375 0.69609375 0.059375 0.2296875
2 0.225 0.54921875 0.0546875 0.1875
2 0.28046875 0.375 0.0390625 0.15
2 0.39609375 0.54296875 0.053125 0.16875
2 0.42265625 0.46328125 0.0515625 0.153125
2 0.46328125 0.46953125 0.059375 0.1796875
2 0.4515625 0.41328125 0.0359375 0.1234375
2 0.5296875 0.35390625 0.03125 0.14375
2 0.6140625 0.2765625 0.0265625 0.1234375
2 0.59140625 0.6765625 0.05625 0.20625
2 0.525 0.82265625 0.0421875 0.2125
2 0.87265625 0.7359375 0.0578125 0.234375
1 0.80078125 0.45625 0.034375 0.1640625
3 0.7234375 0.34296875 0.028125 0.15