2 0.28515625 0.85859375 0.084375 0.2734375
2 0.30546875 0.68359375 0.0390625 0.209375
2 0.44296875 0.54765625 0.05 0.1546875
2 0.45546875 0.49296875 0.0296875 0.1453125
2 0.496875 0.5078125 0.0390625 0.1828125
2 0.52578125 0.4375 0.034375 0.1578125
2 0.48984375 0.3796875 0.0265625 0.1234375
2 0.428125 0.3265625 0.0390625 0.146875
2 0.803125 0.528125 0.0640625 0.1828125
2 0.78359375 0.53984375 0.046875 0.15
2 0.7984375 0.42109375 0.05 0.1578125
3 0.91875 0.49609375 0.0453125 0.19375
1 0.190625 0.4390625 0.046875 0.203125