1 0.3453125 0.48671875 0.065625 0.09375
3 0.36875 0.584375 0.05625 0.171875
2 0.5234375 0.71796875 0.0640625 0.1953125
2 0.50078125 0.6953125 0.0453125 0.184375
2 0.55703125 0.659375 0.0640625 0.125
2 0.7375 0.68203125 0.0875 0.1765625
2 0.7359375 0.6125 0.040625 0.184375
2 0.66875 0.603125 0.0515625 0.1515625
2 0.85625 0.80703125 0.0671875 0.1703125
2 0.77890625 0.5390625 0.034375 0.153125
2 0.784375 0.4640625 0.0359375 0.128125
2 0.84140625 0.43046875 0.04375 0.1265625
2 0.9671875 0.41953125 0.053125 0.1390625