2 0.19609375 0.696875 0.0828125 0.1421875
2 0.3453125 0.78671875 0.0796875 0.16875
2 0.31875 0.62734375 0.059375 0.1375
2 0.27734375 0.5640625 0.0546875 0.0984375
2 0.284375 0.509375 0.06875 0.1234375
2 0.3109375 0.3921875 0.03125 0.1
2 0.334375 0.47265625 0.0390625 0.13125
2 0.3640625 0.4 0.0296875 0.1078125
2 0.37265625 0.5796875 0.028125 0.1625
2 0.36484375 0.48359375 0.0296875 0.078125
2 0.63046875 0.63984375 0.06875 0.1421875
2 0.78046875 0.71015625 0.0625 0.140625
3 0.73984375 0.53359375 0.0515625 0.1484375
1 0.628125 0.44921875 0.0390625 0.146875