2 0.1515625 0.90078125 0.0734375 0.190625
2 0.2703125 0.84453125 0.0734375 0.175
2 0.3859375 0.51875 0.0625 0.171875
2 0.5234375 0.63828125 0.078125 0.203125
2 0.6109375 0.63046875 0.065625 0.165625
2 0.6 0.4890625 0.0515625 0.1671875
2 0.79140625 0.8171875 0.0921875 0.2203125
2 0.91328125 0.7171875 0.0921875 0.209375
2 0.94765625 0.5421875 0.0640625 0.171875
2 0.759375 0.603125 0.0390625 0.1796875
2 0.7125 0.453125 0.065625 0.146875
2 0.678125 0.375 0.075 0.1171875
1 0.1671875 0.4421875 0.0375 0.1703125
3 0.27578125 0.35859375 0.0453125 0.1375
0 0.5765625 0.46953125 0.0234375 0.02265625