1 0.7609375 0.50625 0.0703125 0.1015625
3 0.690625 0.3625 0.0484375 0.1734375
3 0.2625 0.815625 0.0953125 0.23125
2 0.071875 0.48046875 0.059375 0.19375
2 0.31015625 0.3203125 0.0609375 0.11875
2 0.30234375 0.4890625 0.0546875 0.175
2 0.3421875 0.46953125 0.040625 0.1765625
2 0.35234375 0.3703125 0.040625 0.11875
2 0.38203125 0.47421875 0.046875 0.1890625
2 0.4296875 0.534375 0.0453125 0.1984375
2 0.425 0.45390625 0.0453125 0.1859375
2 0.471875 0.5140625 0.0390625 0.1828125
2 0.51640625 0.54296875 0.0390625 0.196875
2 0.684375 0.66875 0.05625 0.2296875
2 0.890625 0.7625 0.0953125 0.2140625