3 0.165625 0.3609375 0.03125 0.1625
3 0.846875 0.8875 0.0625 0.225
1 0.09453125 0.47578125 0.04375 0.175
2 0.1375 0.72421875 0.0609375 0.23125
2 0.3515625 0.6890625 0.0421875 0.234375
2 0.4484375 0.54609375 0.0375 0.2140625
2 0.50625 0.55078125 0.059375 0.1796875
2 0.47265625 0.41640625 0.0203125 0.1578125
2 0.4921875 0.425 0.015625 0.1734375
2 0.49375 0.35078125 0.040625 0.1609375
2 0.571875 0.36171875 0.059375 0.1359375
2 0.6875 0.36484375 0.034375 0.1640625
2 0.78671875 0.54296875 0.0484375 0.209375
2 0.46953125 0.91796875 0.0578125 0.1640625