2 0.221875 0.50390625 0.0578125 0.18046875
2 0.321875 0.46171875 0.0609375 0.12109375
2 0.371875 0.64921875 0.0484375 0.1984375
2 0.465625 0.57890625 0.0484375 0.1703125
2 0.50859375 0.48046875 0.034375 0.134375
2 0.47421875 0.43984375 0.05 0.1359375
2 0.53046875 0.37265625 0.03125 0.1375
2 0.61875 0.259375 0.034375 0.125
2 0.6015625 0.6125 0.0546875 0.159375
2 0.69296875 0.7328125 0.0546875 0.20078125
2 0.7625 0.68125 0.0515625 0.1953125
3 0.7359375 0.34765625 0.0234375 0.146875
3 0.271875 0.7671875 0.0546875 0.22109375
1 0.8265625 0.44765625 0.040625 0.165625