2 0.18984375 0.38828125 0.040625 0.1484375
2 0.33515625 0.496875 0.0625 0.1765625
2 0.55234375 0.86328125 0.0578125 0.2484375
2 0.7640625 0.63984375 0.04375 0.2203125
2 0.53828125 0.6421875 0.046875 0.196875
2 0.4765625 0.4890625 0.0453125 0.1390625
2 0.50859375 0.50703125 0.0359375 0.159375
2 0.52421875 0.48359375 0.04375 0.15
2 0.45859375 0.41484375 0.0453125 0.1
2 0.52890625 0.365625 0.028125 0.1390625
2 0.640625 0.27734375 0.028125 0.1359375
1 0.81640625 0.45703125 0.0296875 0.159375
3 0.03203125 0.41640625 0.040625 0.16875