2 0.31484375 0.6015625 0.0640625 0.12578125
2 0.4734375 0.5609375 0.0234375 0.1375
2 0.46953125 0.5046875 0.0484375 0.0859375
2 0.48671875 0.46171875 0.0265625 0.0796875
2 0.63203125 0.51640625 0.028125 0.109375
2 0.65859375 0.70703125 0.040625 0.1546875
2 0.78828125 0.55234375 0.0453125 0.10390625
2 0.81953125 0.615625 0.028125 0.16875
2 0.88203125 0.68515625 0.0359375 0.15546875
3 0.95 0.45234375 0.034375 0.109375
3 0.32265625 0.78828125 0.059375 0.1609375
2 0.4 0.50234375 0.0328125 0.13203125