2 0.5453125 0.33671875 0.0265625 0.10625
2 0.62734375 0.41640625 0.053125 0.1328125
2 0.8015625 0.4203125 0.0359375 0.1265625
2 0.67890625 0.48125 0.0375 0.1140625
2 0.74375 0.6796875 0.0359375 0.18125
2 0.63984375 0.5859375 0.0515625 0.1578125
2 0.565625 0.60859375 0.059375 0.153125
2 0.48203125 0.659375 0.04375 0.1671875
2 0.4296875 0.63046875 0.0578125 0.171875
2 0.34296875 0.67734375 0.04375 0.1875
2 0.3765625 0.6890625 0.046875 0.1609375
3 0.1375 0.57421875 0.0453125 0.175
1 0.3578125 0.4875 0.078125 0.1375