2 0.10703125 0.559375 0.0625 0.1328125
2 0.21328125 0.83671875 0.0703125 0.225
2 0.296875 0.77265625 0.040625 0.190625
2 0.32421875 0.55234375 0.0390625 0.1203125
2 0.30859375 0.4890625 0.0296875 0.078125
2 0.37578125 0.546875 0.046875 0.15
2 0.3890625 0.46796875 0.0453125 0.065625
2 0.4734375 0.6765625 0.04375 0.1859375
2 0.459375 0.57421875 0.0296875 0.1125
2 0.58828125 0.70703125 0.04375 0.203125
2 0.6828125 0.684375 0.0765625 0.071875
2 0.740625 0.72109375 0.05 0.1765625
2 0.79609375 0.803125 0.0828125 0.1921875
3 0.83671875 0.5953125 0.04375 0.171875
3 0.0125 0.603125 0.025 0.2171875
1 0.69921875 0.57890625 0.04375 0.171875