3 0.23515625 0.56640625 0.0359375 0.1375
3 0.91875 0.615625 0.034375 0.153125
2 0.5609375 0.4328125 0.03125 0.0953125
2 0.61015625 0.48046875 0.0234375 0.1171875
2 0.815625 0.496875 0.0359375 0.115625
2 0.73046875 0.58984375 0.053125 0.128125
2 0.6140625 0.59765625 0.0234375 0.1546875
2 0.64375 0.60078125 0.0359375 0.10625
2 0.65625 0.5609375 0.0328125 0.1
2 0.6515625 0.51328125 0.0234375 0.0578125
2 0.51171875 0.621875 0.0390625 0.1609375
2 0.5484375 0.640625 0.04375 0.134375
2 0.37890625 0.65703125 0.04375 0.1609375
2 0.0234375 0.6734375 0.0359375 0.1609375
1 0.3875 0.515625 0.0375 0.1390625