3 0.675 0.509375 0.0390625 0.1640625
1 0.58046875 0.4609375 0.0609375 0.1140625
2 0.30546875 0.36875 0.0484375 0.090625
2 0.18359375 0.43046875 0.0625 0.128125
2 0.09375 0.5625 0.0859375 0.165625
2 0.17734375 0.6046875 0.053125 0.0984375
2 0.2515625 0.7234375 0.0859375 0.1625
2 0.25859375 0.58984375 0.0515625 0.1734375
2 0.471875 0.60625 0.0703125 0.16875
2 0.7296875 0.66328125 0.0625 0.1484375
2 0.3578125 0.559375 0.0359375 0.1234375
2 0.31875 0.5046875 0.0328125 0.0984375
2 0.35625 0.49765625 0.0453125 0.04375