2 0.36171875 0.8046875 0.0578125 0.2234375
2 0.25703125 0.67734375 0.046875 0.2078125
2 0.43203125 0.65078125 0.0484375 0.2125
2 0.61640625 0.73671875 0.034375 0.2234375
2 0.603125 0.56875 0.0359375 0.1609375
2 0.70546875 0.52890625 0.04375 0.1625
2 0.65078125 0.49453125 0.0484375 0.15625
2 0.58125 0.52265625 0.05625 0.159375
2 0.5890625 0.4671875 0.0421875 0.11875
2 0.5484375 0.36171875 0.03125 0.1375
2 0.575 0.2890625 0.03125 0.146875
3 0.79765625 0.39140625 0.0265625 0.153125
3 0.053125 0.5296875 0.0296875 0.1828125
1 0.21796875 0.43125 0.0328125 0.140625