2 0.79609375 0.34140625 0.065625 0.13125
2 0.7671875 0.5484375 0.0453125 0.13125
2 0.58359375 0.67890625 0.075 0.20625
2 0.203125 0.66953125 0.05 0.2140625
2 0.4515625 0.5875 0.034375 0.2078125
2 0.46875 0.51953125 0.0234375 0.1828125
2 0.49296875 0.52421875 0.0390625 0.178125
2 0.41796875 0.2390625 0.0265625 0.1421875
2 0.49765625 0.33046875 0.0234375 0.146875
2 0.58671875 0.39296875 0.028125 0.1375
2 0.63515625 0.49375 0.0453125 0.15
1 0.2296875 0.428125 0.0328125 0.1609375
3 0.0296875 0.55 0.0515625 0.178125