3 0.45703125 0.359375 0.0484375 0.178125
1 0.390625 0.47421875 0.06875 0.17734375
2 0.296875 0.778125 0.06953125 0.25234375
2 0.47265625 0.74296875 0.04375 0.2453125
2 0.4765625 0.625 0.040625 0.134375
2 0.57578125 0.66953125 0.0578125 0.2359375
2 0.6046875 0.60859375 0.0375 0.2296875
2 0.65234375 0.496875 0.0390625 0.19375
2 0.69921875 0.50703125 0.0359375 0.1671875
2 0.728125 0.428125 0.05 0.1421875
2 0.68671875 0.425 0.03125 0.090625
2 0.67421875 0.38203125 0.0484375 0.096875
2 0.58828125 0.31953125 0.0546875 0.1203125