2 0.2046875 0.42734375 0.065625 0.1765625
2 0.2296875 0.346875 0.053125 0.13125
2 0.26328125 0.50546875 0.0515625 0.175
2 0.2515625 0.62578125 0.0625 0.184375
2 0.2875 0.74375 0.09375 0.215625
2 0.4171875 0.57578125 0.059375 0.2078125
2 0.665625 0.57578125 0.046875 0.2078125
2 0.3546875 0.41484375 0.053125 0.175
2 0.4125 0.35703125 0.0375 0.184375
2 0.37734375 0.303125 0.0375 0.1109375
2 0.47734375 0.359375 0.0703125 0.0796875
3 0.6109375 0.3125 0.0359375 0.1546875
3 0.046875 0.6546875 0.09375 0.25
1 0.559375 0.36796875 0.0390625 0.178125
2 0.975 0.66328125 0.05 0.2234375