1 0.33359375 0.60859375 0.034375 0.2015625
1 0.3765625 0.62265625 0.0765625 0.2078125
1 0.53046875 0.546875 0.0453125 0.16875
1 0.5171875 0.46328125 0.0390625 0.0875
1 0.5703125 0.559375 0.0359375 0.2390625
1 0.63671875 0.4796875 0.05 0.196875
1 0.67265625 0.33125 0.0390625 0.184375
1 0.73046875 0.41796875 0.0453125 0.1953125
1 0.84921875 0.484375 0.0484375 0.1984375
1 0.87421875 0.31171875 0.0296875 0.153125
1 0.57265625 0.209375 0.0359375 0.1609375
3 0.44140625 0.271875 0.03125 0.14375
1 0.30859375 0.40234375 0.0421875 0.1609375