2 0.15 0.5828125 0.04375 0.2171875
2 0.24140625 0.5796875 0.05 0.1921875
2 0.28046875 0.58203125 0.0375 0.1828125
2 0.415625 0.43203125 0.040625 0.153125
2 0.453125 0.3375 0.021875 0.1390625
1 0.57890625 0.49140625 0.03125 0.190625
2 0.7171875 0.5375 0.034375 0.175
2 0.74296875 0.63046875 0.0390625 0.2078125
3 0.76484375 0.53203125 0.04375 0.16875
2 0.81328125 0.57890625 0.0484375 0.2390625
2 0.86015625 0.60546875 0.0328125 0.12421875
2 0.50859375 0.603125 0.0390625 0.2140625
2 0.3859375 0.596875 0.0359375 0.2125
2 0.44296875 0.60625 0.040625 0.190625