3 0.13046875 0.559375 0.059375 0.20078125
1 0.4328125 0.44375 0.0578125 0.16640625
2 0.36328125 0.81796875 0.0796875 0.20078125
2 0.4234375 0.66015625 0.06875 0.2390625
2 0.6765625 0.76875 0.078125 0.228125
2 0.89296875 0.88125 0.0890625 0.2375
2 0.51328125 0.4875 0.078125 0.1734375
2 0.58984375 0.53046875 0.034375 0.1796875
2 0.64765625 0.5265625 0.0390625 0.19375
2 0.6328125 0.35703125 0.0484375 0.1703125
2 0.696875 0.4265625 0.0546875 0.1703125
2 0.74375 0.31015625 0.0515625 0.13828125
2 0.921875 0.4 0.08125 0.14921875