2 0.27109375 0.41640625 0.05625 0.1375
2 0.45625 0.3984375 0.0375 0.140625
2 0.49296875 0.3296875 0.028125 0.1109375
2 0.45546875 0.52734375 0.0578125 0.1484375
2 0.38359375 0.54375 0.0546875 0.1515625
2 0.3984375 0.5125 0.0375 0.1296875
2 0.4890625 0.640625 0.046875 0.165625
2 0.57265625 0.63203125 0.0375 0.15
2 0.60390625 0.64296875 0.05 0.15
2 0.65390625 0.62890625 0.0359375 0.1953125
2 0.715625 0.65234375 0.0375 0.196875
2 0.75390625 0.77109375 0.053125 0.1828125
3 0.84921875 0.55 0.0328125 0.159375
3 0.0421875 0.49609375 0.04375 0.1484375
1 0.71640625 0.4859375 0.0453125 0.128125