3 0.134375 0.51484375 0.04375 0.2109375
1 0.328125 0.4171875 0.05 0.1890625
2 0.3484375 0.64765625 0.078125 0.20625
2 0.509375 0.58125 0.0609375 0.20625
2 0.56640625 0.6046875 0.0484375 0.203125
2 0.5984375 0.59453125 0.034375 0.203125
2 0.6671875 0.5109375 0.0515625 0.178125
2 0.68828125 0.46328125 0.040625 0.190625
2 0.71640625 0.4453125 0.0640625 0.1609375
2 0.85 0.55 0.0625 0.18125
2 0.95859375 0.34140625 0.0390625 0.1546875
2 0.61640625 0.31640625 0.046875 0.1515625
2 0.53984375 0.21875 0.0390625 0.1515625
0 0.834375 0.553125 0.0171875 0.021875