2 0.46171875 0.578125 0.0359375 0.1640625
2 0.5015625 0.5859375 0.0296875 0.15
2 0.5390625 0.55078125 0.0359375 0.115625
2 0.553125 0.51796875 0.0390625 0.1359375
2 0.58984375 0.54765625 0.0328125 0.1328125
2 0.6015625 0.46484375 0.0328125 0.090625
2 0.6828125 0.52734375 0.03125 0.1296875
2 0.634375 0.446875 0.028125 0.1046875
2 0.66015625 0.428125 0.01875 0.1078125
2 0.61640625 0.38671875 0.0203125 0.0765625
2 0.80546875 0.38046875 0.028125 0.1015625
2 0.55390625 0.33984375 0.0265625 0.0828125
3 0.64921875 0.6921875 0.0546875 0.2078125
1 0.35 0.4515625 0.046875 0.121875
3 0.4359375 0.3796875 0.0375 0.1296875