2 0.896875 0.621875 0.0265625 0.1484375
2 0.63046875 0.6109375 0.0265625 0.1421875
2 0.48046875 0.64140625 0.03125 0.134375
2 0.46640625 0.7703125 0.0421875 0.1953125
2 0.271875 0.64765625 0.0375 0.16875
2 0.24921875 0.5 0.034375 0.1046875
2 0.16875 0.4703125 0.0203125 0.1078125
2 0.38359375 0.465625 0.015625 0.0921875
2 0.41484375 0.58046875 0.025 0.1203125
2 0.425 0.5234375 0.0421875 0.109375
2 0.421875 0.55 0.028125 0.10625
2 0.43203125 0.409375 0.0171875 0.090625
1 0.59765625 0.490625 0.0234375 0.115625
3 0.50859375 0.4421875 0.0203125 0.09375
3 0.1546875 0.8015625 0.046875 0.184375