2 0.4375 0.65546875 0.053125 0.2
2 0.62109375 0.76015625 0.071875 0.240625
2 0.71640625 0.54765625 0.0515625 0.1875
2 0.80390625 0.5875 0.0515625 0.1859375
2 0.66953125 0.33203125 0.0265625 0.1265625
2 0.64609375 0.459375 0.0375 0.16875
2 0.59609375 0.47890625 0.0421875 0.153125
2 0.51015625 0.51015625 0.08125 0.0578125
2 0.5390625 0.46328125 0.0375 0.078125
2 0.5796875 0.428125 0.0390625 0.1515625
2 0.60859375 0.375 0.028125 0.134375
1 0.3234375 0.50546875 0.078125 0.0859375
3 0.3875 0.3734375 0.0359375 0.1390625