2 0.1265625 0.6421875 0.0703125 0.2296875
2 0.23125 0.5171875 0.04375 0.175
2 0.34609375 0.60078125 0.05 0.1640625
2 0.30859375 0.50703125 0.0265625 0.14375
2 0.33125 0.48046875 0.05 0.15
2 0.37109375 0.49375 0.0578125 0.14375
2 0.35390625 0.3765625 0.0453125 0.11875
2 0.4296875 0.29765625 0.0265625 0.1140625
2 0.5015625 0.82265625 0.084375 0.25
2 0.478125 0.7 0.0359375 0.1765625
2 0.6953125 0.69296875 0.04375 0.2296875
1 0.65703125 0.48046875 0.046875 0.1828125
3 0.55546875 0.359375 0.0328125 0.1640625