3 0.1796875 0.5984375 0.028125 0.1625
1 0.36953125 0.53046875 0.0296875 0.1484375
2 0.346875 0.7078125 0.0421875 0.2046875
2 0.55546875 0.4359375 0.0203125 0.1015625
2 0.653125 0.68046875 0.0625 0.125
2 0.615625 0.64296875 0.0546875 0.1265625
2 0.62421875 0.5859375 0.03125 0.121875
2 0.60625 0.49140625 0.0328125 0.1125
2 0.70078125 0.63828125 0.0296875 0.15625
2 0.79453125 0.603125 0.04375 0.1515625
2 0.728125 0.5046875 0.028125 0.1296875
2 0.678125 0.55546875 0.0359375 0.134375
2 0.66953125 0.5078125 0.0328125 0.090625
3 0.95703125 0.63203125 0.03125 0.16875