1 0.3921875 0.5265625 0.0328125 0.121875
3 0.47890625 0.4765625 0.025 0.10625
3 0.8734375 0.75703125 0.053125 0.209375
2 0.06640625 0.6671875 0.04375 0.1828125
2 0.39609375 0.65234375 0.040625 0.1453125
2 0.56796875 0.7296875 0.0578125 0.2
2 0.51796875 0.628125 0.053125 0.1265625
2 0.55859375 0.59921875 0.0234375 0.146875
2 0.60390625 0.59140625 0.03125 0.1375
2 0.7 0.53125 0.0375 0.1171875
2 0.775 0.66875 0.0484375 0.190625
2 0.88125 0.51640625 0.034375 0.125
2 0.6234375 0.50234375 0.0390625 0.1125
2 0.56171875 0.43203125 0.0203125 0.090625