2 0.86875 0.77265625 0.05 0.16875
2 0.64453125 0.634375 0.0421875 0.1734375
2 0.5609375 0.68515625 0.040625 0.1765625
2 0.47890625 0.5921875 0.0359375 0.18125
2 0.41796875 0.57421875 0.034375 0.1890625
2 0.37734375 0.55546875 0.0328125 0.1515625
2 0.3625 0.459375 0.040625 0.1609375
2 0.2359375 0.64375 0.0515625 0.1796875
2 0.134375 0.65703125 0.0546875 0.1609375
2 0.42734375 0.315625 0.0265625 0.115625
2 0.45390625 0.4046875 0.03125 0.1640625
2 0.51875 0.415625 0.0515625 0.15625
1 0.62265625 0.40859375 0.0390625 0.1328125
3 0.90078125 0.57109375 0.0390625 0.1546875