3 0.2640625 0.58359375 0.0359375 0.1546875
1 0.2578125 0.453125 0.0296875 0.165625
2 0.5140625 0.4265625 0.034375 0.1375
2 0.49921875 0.66953125 0.046875 0.184375
2 0.5 0.59140625 0.0390625 0.1515625
2 0.59921875 0.571875 0.05 0.1375
2 0.65546875 0.70078125 0.046875 0.1796875
2 0.7453125 0.653125 0.0625 0.1796875
2 0.77265625 0.54609375 0.0515625 0.1359375
2 0.6921875 0.50390625 0.0625 0.1375
2 0.8421875 0.55625 0.0453125 0.178125
2 0.58515625 0.425 0.034375 0.128125
2 0.61953125 0.3828125 0.034375 0.1015625