2 0.31484375 0.72890625 0.040625 0.203125
2 0.41640625 0.79296875 0.040625 0.221875
2 0.4 0.64453125 0.0265625 0.1875
2 0.52578125 0.59375 0.0234375 0.1796875
2 0.56875 0.584375 0.05 0.15
2 0.5203125 0.540625 0.03125 0.153125
2 0.60703125 0.50390625 0.0484375 0.15
2 0.6453125 0.4875 0.0375 0.1421875
2 0.796875 0.41015625 0.0375 0.1359375
2 0.4859375 0.43203125 0.025 0.1421875
2 0.43984375 0.3546875 0.025 0.1296875
1 0.2 0.5265625 0.0375 0.1328125
3 0.0484375 0.5953125 0.025 0.1921875
3 0.9046875 0.5203125 0.034375 0.1515625