2 0.2359375 0.57421875 0.0484375 0.1453125
2 0.215625 0.44375 0.0328125 0.121875
2 0.34453125 0.53515625 0.0515625 0.134375
2 0.34765625 0.44609375 0.0234375 0.1078125
2 0.4046875 0.42890625 0.0171875 0.1
2 0.39453125 0.40625 0.01875 0.0828125
2 0.5015625 0.553125 0.0453125 0.14375
2 0.53359375 0.81015625 0.0484375 0.2234375
2 0.5546875 0.60078125 0.0234375 0.1609375
2 0.59609375 0.6359375 0.0359375 0.1609375
2 0.63515625 0.63203125 0.0359375 0.159375
2 0.5453125 0.5578125 0.028125 0.140625
3 0.0171875 0.62890625 0.034375 0.1796875
3 0.82109375 0.5265625 0.025 0.153125
1 0.66328125 0.47578125 0.0359375 0.11875