2 0.0515625 0.59765625 0.05234375 0.15
2 0.3546875 0.59609375 0.046875 0.153125
2 0.45390625 0.69375 0.0421875 0.146875
2 0.49140625 0.57421875 0.046875 0.153125
2 0.5859375 0.54140625 0.040625 0.15625
2 0.621875 0.5609375 0.025 0.1140625
2 0.628125 0.49765625 0.03125 0.06875
2 0.6703125 0.50546875 0.040625 0.1296875
2 0.69375 0.440625 0.0296875 0.121875
2 0.63046875 0.39140625 0.0328125 0.109375
2 0.85625 0.40703125 0.021875 0.1015625
3 0.9828125 0.525 0.034375 0.140625
3 0.2234375 0.50078125 0.0484375 0.1359375
1 0.3765625 0.446875 0.0359375 0.115625