3 0.196875 0.540625 0.03125 0.159375
1 0.38203125 0.47578125 0.040625 0.1375
2 0.57265625 0.35078125 0.021875 0.1375
2 0.38984375 0.6421875 0.028125 0.1765625
2 0.58671875 0.721875 0.0421875 0.184375
2 0.60703125 0.64453125 0.0375 0.1625
2 0.57109375 0.6 0.034375 0.1546875
2 0.59296875 0.57578125 0.028125 0.1234375
2 0.70859375 0.6078125 0.0328125 0.1734375
2 0.70234375 0.53203125 0.034375 0.1234375
2 0.66796875 0.46875 0.0296875 0.14375
2 0.68671875 0.4078125 0.028125 0.125
2 0.7625 0.415625 0.0390625 0.134375
2 0.0640625 0.62890625 0.034375 0.15625