3 0.1359375 0.45 0.0390625 0.2
3 0.95703125 0.4703125 0.0625 0.2109375
2 0.85234375 0.30625 0.040625 0.1859375
2 0.2546875 0.58515625 0.0578125 0.196875
2 0.40234375 0.6125 0.04375 0.2625
2 0.4421875 0.66015625 0.071875 0.20625
2 0.49453125 0.5375 0.0671875 0.2015625
2 0.60546875 0.40703125 0.040625 0.18125
2 0.625 0.365625 0.0421875 0.1765625
2 0.6671875 0.34609375 0.0515625 0.178125
2 0.5859375 0.275 0.040625 0.146875
2 0.56875 0.18046875 0.040625 0.14375
2 0.7890625 0.63515625 0.06875 0.2375
2 0.11796875 0.72890625 0.0640625 0.271875
1 0.26484375 0.3734375 0.05625 0.1671875