1 0.3140625 0.4828125 0.053125 0.146875
3 0.39921875 0.36484375 0.034375 0.1625
3 0.94140625 0.90703125 0.0484375 0.184375
2 0.5015625 0.7859375 0.08125 0.2015625
2 0.55859375 0.609375 0.046875 0.1671875
2 0.590625 0.5953125 0.046875 0.1796875
2 0.65703125 0.57578125 0.046875 0.1859375
2 0.72421875 0.71875 0.0609375 0.2109375
2 0.6234375 0.4796875 0.0296875 0.171875
2 0.6640625 0.44453125 0.040625 0.1453125
2 0.70390625 0.4921875 0.0265625 0.2
2 0.73125 0.4609375 0.04375 0.153125
2 0.796875 0.425 0.0703125 0.15