2 0.23984375 0.44140625 0.0328125 0.1390625
2 0.34765625 0.45859375 0.034375 0.14375
2 0.415625 0.42265625 0.025 0.109375
2 0.4140625 0.35546875 0.0234375 0.04375
2 0.3828125 0.596875 0.0390625 0.1234375
2 0.39921875 0.5703125 0.034375 0.1453125
2 0.553125 0.775 0.0609375 0.1984375
2 0.47890625 0.55625 0.0328125 0.13125
2 0.5171875 0.58203125 0.0484375 0.1171875
2 0.5546875 0.57265625 0.0484375 0.171875
2 0.61953125 0.61171875 0.04375 0.184375
2 0.66171875 0.61875 0.0359375 0.1890625
3 0.83515625 0.5171875 0.0296875 0.1609375
3 0.03203125 0.57578125 0.04375 0.1703125
1 0.68359375 0.4703125 0.053125 0.1296875