2 0.2125 0.38359375 0.0390625 0.1640625
2 0.39140625 0.4625 0.05625 0.14375
2 0.50703125 0.3875 0.0359375 0.1296875
2 0.58125 0.31171875 0.01875 0.1171875
2 0.3796875 0.65546875 0.0578125 0.165625
2 0.53671875 0.6140625 0.053125 0.146875
2 0.5375 0.51875 0.0390625 0.1640625
2 0.596875 0.778125 0.059375 0.2046875
2 0.63984375 0.68515625 0.0546875 0.11875
2 0.6625 0.63671875 0.0359375 0.159375
2 0.73359375 0.6234375 0.0578125 0.1375
3 0.9140625 0.553125 0.034375 0.1390625
1 0.74921875 0.475 0.046875 0.1390625