1 0.77421875 0.5 0.0359375 0.1484375
3 0.95859375 0.6015625 0.04375 0.1953125
3 0.09375 0.45 0.053125 0.18125
2 0.2515625 0.5546875 0.0515625 0.165625
2 0.28125 0.46484375 0.040625 0.1
2 0.459375 0.79765625 0.053125 0.1875
2 0.43671875 0.63671875 0.0515625 0.1765625
2 0.41328125 0.5 0.0328125 0.1453125
2 0.42109375 0.43203125 0.040625 0.090625
2 0.53828125 0.3703125 0.0390625 0.140625
2 0.60390625 0.30546875 0.025 0.11875
2 0.5203125 0.57265625 0.03125 0.1828125
2 0.5515625 0.596875 0.0390625 0.209375
2 0.765625 0.69140625 0.059375 0.1765625