3 0.87734375 0.53203125 0.05 0.2375
1 0.6703125 0.4515625 0.0703125 0.184375
2 0.15078125 0.37890625 0.059375 0.10625
2 0.19453125 0.48203125 0.059375 0.1765625
2 0.203125 0.39765625 0.0390625 0.0953125
2 0.06640625 0.73203125 0.1140625 0.2234375
2 0.25546875 0.65703125 0.084375 0.234375
2 0.3625 0.5484375 0.06875 0.175
2 0.4109375 0.60703125 0.0453125 0.225
2 0.578125 0.63671875 0.0828125 0.240625
2 0.55234375 0.8234375 0.125 0.165625
2 0.76953125 0.72109375 0.075 0.19375
2 0.7921875 0.6671875 0.0703125 0.1953125