2 0.14765625 0.52265625 0.0359375 0.19375
2 0.2265625 0.4125 0.053125 0.14375
2 0.390625 0.5125 0.0609375 0.1703125
2 0.38515625 0.421875 0.0515625 0.128125
2 0.59453125 0.396875 0.0578125 0.165625
2 0.68203125 0.3546875 0.0265625 0.128125
3 0.79296875 0.40625 0.034375 0.1578125
1 0.8421875 0.48046875 0.040625 0.184375
2 0.82890625 0.6421875 0.0453125 0.240625
2 0.565625 0.59296875 0.0359375 0.1828125
2 0.59921875 0.6046875 0.053125 0.184375
2 0.5921875 0.534375 0.0421875 0.084375
3 0.30546875 0.72265625 0.0625 0.259375
2 0.45 0.73671875 0.05625 0.225