2 0.4015625 0.778125 0.0390625 0.2078125
2 0.54765625 0.6859375 0.028125 0.184375
2 0.38359375 0.659375 0.0625 0.1765625
2 0.378125 0.55078125 0.0375 0.1796875
2 0.4359375 0.6203125 0.0453125 0.171875
2 0.24140625 0.5140625 0.0390625 0.1359375
2 0.2640625 0.44921875 0.0453125 0.1265625
2 0.3046875 0.48984375 0.046875 0.125
2 0.33203125 0.4265625 0.0328125 0.121875
2 0.32265625 0.45078125 0.025 0.1109375
1 0.5890625 0.46015625 0.0265625 0.1421875
3 0.821875 0.58125 0.0328125 0.159375
2 0.415625 0.32421875 0.021875 0.1109375