2 0.24609375 0.5453125 0.046875 0.15
2 0.2859375 0.49296875 0.04375 0.128125
2 0.30546875 0.40859375 0.01875 0.1171875
2 0.31171875 0.56015625 0.053125 0.1546875
2 0.32890625 0.44609375 0.04375 0.1078125
2 0.34765625 0.40390625 0.025 0.13125
2 0.4125 0.34921875 0.0390625 0.109375
2 0.5265625 0.8578125 0.0515625 0.2453125
2 0.54609375 0.68515625 0.0453125 0.2046875
2 0.684375 0.74375 0.05625 0.2171875
2 0.96015625 0.8640625 0.075 0.2359375
3 0.825 0.6046875 0.059375 0.2171875
1 0.559375 0.48203125 0.0453125 0.175