2 0.0703125 0.41171875 0.0703125 0.153125
2 0.33125 0.50390625 0.04375 0.1296875
2 0.321875 0.4140625 0.0390625 0.071875
2 0.3953125 0.3609375 0.03125 0.1328125
2 0.42734375 0.32421875 0.0296875 0.1296875
2 0.36875 0.64921875 0.046875 0.1875
2 0.41875 0.5234375 0.0515625 0.14375
2 0.46640625 0.63359375 0.05625 0.19375
2 0.6328125 0.68828125 0.0578125 0.1875
2 0.85625 0.68515625 0.0703125 0.2078125
2 0.62421875 0.89765625 0.0859375 0.2046875
1 0.7109375 0.459375 0.0640625 0.171875
3 0.9359375 0.56015625 0.05 0.190625