1 0.0375 0.4109375 0.0453125 0.209375
3 0.1140625 0.3375 0.0453125 0.1640625
3 0.878125 0.703125 0.0546875 0.2640625
2 0.48359375 0.878125 0.0796875 0.225
2 0.3 0.27265625 0.0265625 0.146875
2 0.1671875 0.59375 0.0453125 0.25
2 0.3015625 0.51796875 0.046875 0.2265625
2 0.47734375 0.4109375 0.0390625 0.19375
2 0.4390625 0.35234375 0.0265625 0.159375
2 0.734375 0.340625 0.04375 0.1703125
2 0.77265625 0.51953125 0.0515625 0.121875
2 0.83125 0.51953125 0.0546875 0.146875
2 0.2921875 0.76640625 0.0609375 0.2453125