2 0.146875 0.5265625 0.0453125 0.1640625
2 0.3109375 0.4078125 0.0578125 0.1234375
2 0.37734375 0.47890625 0.034375 0.121875
2 0.37890625 0.40546875 0.034375 0.1046875
2 0.5375 0.39296875 0.028125 0.1265625
2 0.43046875 0.75078125 0.0484375 0.2015625
2 0.54140625 0.5953125 0.028125 0.1984375
2 0.56640625 0.59765625 0.046875 0.165625
2 0.71484375 0.6265625 0.0453125 0.196875
2 0.62890625 0.3515625 0.0265625 0.121875
3 0.23828125 0.740625 0.0484375 0.240625
3 0.734375 0.4078125 0.025 0.1375
1 0.77734375 0.47109375 0.03125 0.165625