2 0.51484375 0.5921875 0.0234375 0.196875
2 0.54453125 0.57890625 0.021875 0.171875
2 0.5171875 0.5921875 0.0953125 0.04375
2 0.58203125 0.540625 0.0296875 0.1890625
2 0.63515625 0.47421875 0.028125 0.1328125
2 0.7171875 0.49140625 0.0359375 0.13125
2 0.72265625 0.4125 0.0328125 0.0734375
2 0.67734375 0.36328125 0.028125 0.1109375
2 0.79296875 0.39765625 0.0453125 0.1390625
2 0.9765625 0.4203125 0.0421875 0.1265625
2 0.7796875 0.58203125 0.059375 0.1671875
2 0.8328125 0.61171875 0.0421875 0.1859375
3 0.771875 0.77734375 0.0921875 0.2375
3 0.45546875 0.37265625 0.046875 0.13125
1 0.4296875 0.4859375 0.0625 0.128125