1 0.1984375 0.66484375 0.0625 0.221875
1 0.4359375 0.8578125 0.059375 0.2671875
1 0.50703125 0.67578125 0.0578125 0.2296875
1 0.55546875 0.4515625 0.0234375 0.159375
1 0.58984375 0.53125 0.0375 0.1703125
1 0.60390625 0.4921875 0.0515625 0.1390625
1 0.634375 0.475 0.0375 0.1015625
1 0.61015625 0.34453125 0.03125 0.121875
1 0.61875 0.39140625 0.0453125 0.0609375
1 0.49765625 0.271875 0.0375 0.11875
1 0.75234375 0.48828125 0.034375 0.2
3 0.96328125 0.89296875 0.0515625 0.2125
3 0.35546875 0.33828125 0.0328125 0.1546875
1 0.2796875 0.43125 0.0328125 0.159375