2 0.38828125 0.81875 0.046875 0.2578125
2 0.334375 0.76875 0.09375 0.228125
2 0.17421875 0.7671875 0.06875 0.1953125
2 0.140625 0.740625 0.09375 0.1984375
2 0.51875 0.68359375 0.053125 0.2171875
2 0.5578125 0.65078125 0.0609375 0.2
2 0.56953125 0.5046875 0.0234375 0.1296875
2 0.61640625 0.61171875 0.034375 0.1875
2 0.62734375 0.6296875 0.0265625 0.1875
2 0.6375 0.54921875 0.03125 0.1515625
2 0.69375 0.7109375 0.05625 0.2265625
2 0.91328125 0.5984375 0.0421875 0.1765625
3 0.39296875 0.5515625 0.03125 0.13125
1 0.2640625 0.60859375 0.0609375 0.1640625