1 0.31328125 0.45 0.0734375 0.1296875
3 0.0390625 0.5109375 0.0546875 0.203125
2 0.22890625 0.58046875 0.0515625 0.253125
2 0.27578125 0.5953125 0.046875 0.234375
2 0.48671875 0.5453125 0.059375 0.2234375
2 0.79609375 0.56953125 0.046875 0.246875
2 0.88203125 0.44609375 0.0484375 0.1546875
2 0.93359375 0.46171875 0.0359375 0.178125
2 0.6953125 0.49609375 0.0546875 0.203125
2 0.73671875 0.49453125 0.034375 0.1328125
2 0.74140625 0.3953125 0.0453125 0.071875
2 0.6984375 0.38515625 0.0515625 0.08125