2 0.19375 0.44453125 0.028125 0.1296875
2 0.30703125 0.47578125 0.0328125 0.1515625
2 0.365625 0.43125 0.025 0.1171875
2 0.4234375 0.659375 0.0546875 0.1609375
2 0.40390625 0.57890625 0.0359375 0.1796875
2 0.43828125 0.53515625 0.0203125 0.1046875
2 0.47109375 0.578125 0.028125 0.1640625
2 0.51015625 0.6171875 0.05625 0.1203125
2 0.559375 0.54453125 0.0484375 0.1859375
2 0.67265625 0.59296875 0.0390625 0.159375
2 0.70859375 0.6046875 0.04375 0.1546875
3 0.78515625 0.5109375 0.034375 0.14375
1 0.64140625 0.4546875 0.0546875 0.146875
3 0.02109375 0.578125 0.0421875 0.165625