2 0.2921875 0.5328125 0.03125 0.1203125
2 0.325 0.63359375 0.0609375 0.1375
2 0.38046875 0.5796875 0.059375 0.1109375
2 0.39453125 0.528125 0.03125 0.0859375
2 0.41328125 0.515625 0.0265625 0.0921875
2 0.47109375 0.453125 0.0171875 0.0796875
2 0.4875 0.609375 0.03125 0.134375
2 0.52109375 0.63203125 0.05 0.1359375
2 0.5671875 0.64609375 0.0390625 0.1453125
2 0.60390625 0.73046875 0.046875 0.1640625
2 0.6953125 0.646875 0.040625 0.1578125
2 0.96640625 0.66953125 0.025 0.1609375
3 0.76796875 0.58203125 0.0265625 0.128125
3 0.10546875 0.59453125 0.03125 0.1375
1 0.62421875 0.5375 0.040625 0.115625