2 0.03828125 0.63828125 0.0703125 0.1609375
2 0.1546875 0.7796875 0.0859375 0.1890625
2 0.06875 0.54921875 0.065625 0.1296875
2 0.06953125 0.42578125 0.0640625 0.14375
2 0.1375 0.4828125 0.0546875 0.1578125
2 0.2234375 0.646875 0.0546875 0.1828125
2 0.31640625 0.66484375 0.06875 0.1921875
2 0.32265625 0.54609375 0.0484375 0.09375
2 0.325 0.51015625 0.0359375 0.071875
2 0.25 0.41015625 0.05625 0.13125
2 0.484375 0.81953125 0.05625 0.246875
3 0.82109375 0.67734375 0.0578125 0.203125
1 0.6640625 0.5609375 0.0734375 0.11875