2 0.34140625 0.25859375 0.03125 0.10625
2 0.4046875 0.30546875 0.0375 0.11875
2 0.4609375 0.39921875 0.0453125 0.125
2 0.48515625 0.375 0.0203125 0.1546875
2 0.5578125 0.3625 0.04375 0.125
2 0.70703125 0.31875 0.0265625 0.125
2 0.70625 0.528125 0.028125 0.1828125
2 0.4859375 0.8359375 0.0453125 0.228125
2 0.38984375 0.578125 0.0296875 0.1703125
2 0.15625 0.60546875 0.0421875 0.1640625
2 0.50546875 0.49921875 0.0578125 0.165625
1 0.1734375 0.41953125 0.0328125 0.1390625
3 0.225 0.3390625 0.0265625 0.1296875
3 0.76953125 0.7703125 0.0484375 0.2