2 0.11796875 0.6765625 0.0546875 0.2078125
2 0.53515625 0.92265625 0.0453125 0.1546875
2 0.38125 0.68203125 0.0625 0.1984375
2 0.621875 0.62890625 0.05 0.1875
2 0.73515625 0.68515625 0.046875 0.1671875
2 0.80390625 0.36328125 0.03125 0.1609375
2 0.5203125 0.46640625 0.03125 0.159375
2 0.54375 0.43046875 0.034375 0.1609375
2 0.57109375 0.4140625 0.034375 0.1515625
2 0.4765625 0.33359375 0.0453125 0.1484375
2 0.40078125 0.259375 0.040625 0.1484375
1 0.2046875 0.446875 0.05625 0.184375
3 0.01875 0.5484375 0.0375 0.1890625