2 0.20078125 0.64296875 0.0625 0.196875
2 0.48203125 0.75859375 0.08125 0.2578125
2 0.42578125 0.66171875 0.078125 0.1671875
2 0.82734375 0.5859375 0.078125 0.1984375
2 0.84453125 0.45625 0.0390625 0.190625
2 0.696875 0.425 0.0515625 0.1828125
2 0.6390625 0.35546875 0.0328125 0.1671875
2 0.48359375 0.26953125 0.040625 0.13125
2 0.5984375 0.49296875 0.05625 0.1984375
2 0.5515625 0.52578125 0.059375 0.18125
2 0.515625 0.5015625 0.0546875 0.1921875
1 0.22421875 0.42734375 0.046875 0.1734375
0 0.4546875 0.69375 0.015625 0.021875