2 0.09140625 0.72265625 0.075 0.2
2 0.54765625 0.6796875 0.0515625 0.2
2 0.6828125 0.81796875 0.0703125 0.2578125
2 0.55390625 0.52265625 0.0390625 0.175
2 0.6125 0.57890625 0.059375 0.109375
2 0.6828125 0.56640625 0.04375 0.1921875
2 0.7328125 0.4734375 0.04375 0.1890625
2 0.7796875 0.4484375 0.040625 0.1703125
2 0.8078125 0.4265625 0.034375 0.190625
2 0.70546875 0.3234375 0.05625 0.140625
2 0.63515625 0.23984375 0.05625 0.1125
3 0.49140625 0.3140625 0.040625 0.15
3 0.94453125 0.91484375 0.09375 0.1703125
1 0.365625 0.428125 0.0734375 0.159375