2 0.284375 0.6109375 0.0453125 0.1765625
2 0.27421875 0.51484375 0.0421875 0.115625
2 0.32578125 0.54921875 0.0375 0.16875
2 0.43515625 0.528125 0.0453125 0.1453125
2 0.4578125 0.40078125 0.0359375 0.15
2 0.55234375 0.309375 0.0390625 0.1234375
2 0.44296875 0.65703125 0.046875 0.1921875
2 0.496875 0.61796875 0.053125 0.2
2 0.52890625 0.81015625 0.053125 0.209375
2 0.728125 0.6703125 0.05625 0.184375
3 0.90234375 0.590625 0.040625 0.1828125
1 0.7234375 0.496875 0.04375 0.1375
3 0.0546875 0.4453125 0.046875 0.190625