2 0.175 0.50625 0.059375 0.23125
2 0.24609375 0.29765625 0.0515625 0.184375
2 0.46171875 0.24921875 0.03125 0.184375
2 0.4984375 0.3984375 0.0609375 0.2015625
2 0.50546875 0.25390625 0.05 0.1859375
2 0.49765625 0.28515625 0.0359375 0.1515625
2 0.659375 0.80703125 0.0734375 0.284375
2 0.73984375 0.6625 0.075 0.2234375
2 0.7046875 0.53515625 0.053125 0.1890625
2 0.70390625 0.43984375 0.05 0.06875
3 0.30390625 0.78359375 0.078125 0.2484375
3 0.76171875 0.1953125 0.040625 0.1578125
1 0.9046875 0.34453125 0.0546875 0.178125
0 0.63515625 0.69140625 0.0265625 0.0296875