2 0.103125 0.5 0.0375 0.165625
2 0.28359375 0.44921875 0.0421875 0.140625
2 0.44609375 0.5234375 0.04375 0.146875
2 0.46875 0.43671875 0.04375 0.14375
2 0.590625 0.40078125 0.03125 0.1359375
2 0.53203125 0.56640625 0.0375 0.1984375
2 0.5875 0.60546875 0.0421875 0.178125
2 0.88984375 0.6515625 0.053125 0.1953125
2 0.440625 0.67265625 0.059375 0.2046875
2 0.40078125 0.58359375 0.0390625 0.178125
3 0.19375 0.68515625 0.05625 0.2046875
3 0.83203125 0.41953125 0.01875 0.1390625
1 0.86796875 0.4734375 0.0265625 0.1625