1 0.63984375 0.471875 0.0546875 0.1296875
3 0.81953125 0.525 0.0359375 0.1625
2 0.38828125 0.38984375 0.0375 0.13125
2 0.434375 0.31015625 0.0359375 0.1171875
2 0.2140625 0.4359375 0.0453125 0.134375
2 0.31015625 0.453125 0.059375 0.121875
2 0.346875 0.5484375 0.025 0.1375
2 0.37734375 0.55546875 0.040625 0.15625
2 0.34453125 0.7578125 0.0625 0.2234375
2 0.4875 0.63359375 0.03125 0.1671875
2 0.51796875 0.63359375 0.059375 0.1640625
2 0.475 0.5453125 0.0359375 0.0828125
2 0.66875 0.66875 0.0359375 0.1765625
2 0.77109375 0.8078125 0.05 0.2078125