1 0.75859375 0.45546875 0.05 0.1515625
3 0.91875 0.5078125 0.03125 0.1703125
2 0.8203125 0.6125 0.0609375 0.1921875
2 0.365625 0.50703125 0.0609375 0.153125
2 0.34921875 0.47109375 0.04375 0.1375
2 0.2 0.478125 0.0421875 0.1546875
2 0.10859375 0.52734375 0.06875 0.184375
2 0.46484375 0.3890625 0.0421875 0.1609375
2 0.57578125 0.32265625 0.03125 0.1359375
2 0.55 0.68359375 0.0703125 0.1796875
2 0.55078125 0.646875 0.071875 0.1546875
2 0.54921875 0.5625 0.0515625 0.16875
2 0.553125 0.57734375 0.03125 0.1203125