3 0.8515625 0.53125 0.0421875 0.1546875
2 0.815625 0.6625 0.0515625 0.153125
2 0.49609375 0.7875 0.059375 0.2046875
2 0.33125 0.67109375 0.046875 0.15
2 0.50703125 0.6046875 0.05 0.14375
2 0.55703125 0.6734375 0.0390625 0.1890625
2 0.375 0.47109375 0.0390625 0.128125
2 0.17421875 0.40625 0.0328125 0.1203125
2 0.48046875 0.39765625 0.0234375 0.109375
2 0.50390625 0.52890625 0.0375 0.1109375
2 0.528125 0.50390625 0.025 0.121875
2 0.5625 0.32421875 0.01875 0.1125
1 0.7203125 0.47734375 0.0484375 0.125