2 0.0921875 0.60234375 0.0453125 0.153125
2 0.1609375 0.48984375 0.0359375 0.13125
2 0.28203125 0.47109375 0.03125 0.1234375
2 0.3390625 0.55 0.04375 0.1359375
2 0.36015625 0.4359375 0.040625 0.084375
2 0.38671875 0.39921875 0.040625 0.0984375
2 0.309375 0.49609375 0.034375 0.1265625
2 0.38359375 0.57890625 0.034375 0.128125
2 0.40078125 0.56875 0.03125 0.140625
2 0.575 0.64453125 0.0296875 0.15625
2 0.76953125 0.7109375 0.0546875 0.1734375
3 0.015625 0.73203125 0.03125 0.2109375
3 0.5296875 0.4328125 0.0203125 0.1140625
1 0.553125 0.46171875 0.0421875 0.13125