1 0.31484375 0.45546875 0.0453125 0.16875
3 0.146875 0.59765625 0.04375 0.1625
2 0.43125 0.20703125 0.0359375 0.1171875
2 0.06875 0.75390625 0.04375 0.190625
2 0.4640625 0.69609375 0.05 0.1765625
2 0.52421875 0.5890625 0.0421875 0.1796875
2 0.58359375 0.60234375 0.046875 0.125
2 0.59140625 0.54296875 0.053125 0.1359375
2 0.65234375 0.68984375 0.0421875 0.1921875
2 0.653125 0.50234375 0.034375 0.175
2 0.64375 0.4328125 0.0453125 0.171875
2 0.68671875 0.34921875 0.0515625 0.15625
2 0.8015625 0.28515625 0.0328125 0.1328125