2 0.890625 0.60703125 0.053125 0.1921875
2 0.725 0.3984375 0.0625 0.1421875
2 0.68203125 0.7625 0.0796875 0.24375
2 0.61640625 0.67890625 0.078125 0.2140625
2 0.49921875 0.5609375 0.05625 0.1875
2 0.58359375 0.45703125 0.03125 0.1515625
2 0.76484375 0.575 0.071875 0.175
2 0.42109375 0.50078125 0.0796875 0.1640625
2 0.2984375 0.56796875 0.05625 0.1859375
2 0.28125 0.45 0.040625 0.18125
2 0.053125 0.61328125 0.071875 0.209375
2 0.6296875 0.4390625 0.059375 0.15
3 0.9578125 0.36796875 0.0515625 0.134375