3 0.06875 0.70078125 0.05 0.1953125
3 0.8046875 0.54453125 0.0359375 0.175
2 0.19921875 0.45703125 0.040625 0.11875
2 0.184375 0.6171875 0.04375 0.153125
2 0.3515625 0.53671875 0.0640625 0.14375
2 0.37421875 0.47109375 0.0296875 0.103125
2 0.3515625 0.42265625 0.03125 0.0859375
2 0.39765625 0.44296875 0.01875 0.109375
2 0.5015625 0.75546875 0.0484375 0.20625
2 0.490625 0.55703125 0.0375 0.1609375
2 0.546875 0.5921875 0.0328125 0.159375
2 0.57578125 0.60234375 0.0421875 0.1640625
2 0.6515625 0.62421875 0.03125 0.1609375
2 0.675 0.646875 0.03125 0.1609375
1 0.640625 0.48359375 0.034375 0.1078125