2 0.14921875 0.365625 0.034375 0.125
2 0.3125 0.66015625 0.0453125 0.171875
2 0.38203125 0.675 0.040625 0.1984375
2 0.45546875 0.565625 0.040625 0.1546875
2 0.41640625 0.484375 0.0546875 0.125
2 0.34609375 0.4515625 0.04375 0.10625
2 0.3578125 0.421875 0.046875 0.125
2 0.42578125 0.353125 0.0328125 0.109375
2 0.47578125 0.27578125 0.021875 0.0921875
2 0.66328125 0.5828125 0.053125 0.165625
2 0.99375 0.603125 0.0125 0.18125
3 0.834375 0.48046875 0.0390625 0.1421875
1 0.6671875 0.40703125 0.034375 0.1359375