3 0.82265625 0.4125 0.028125 0.134375
3 0.2671875 0.6953125 0.0515625 0.203125
1 0.865625 0.47734375 0.0375 0.159375
2 0.8921875 0.65234375 0.05625 0.209375
2 0.5921875 0.4078125 0.034375 0.134375
2 0.7 0.3515625 0.0234375 0.1265625
2 0.55625 0.584375 0.028125 0.16875
2 0.57734375 0.59921875 0.05 0.171875
2 0.5359375 0.5796875 0.0390625 0.16875
2 0.4109375 0.515625 0.0375 0.1703125
2 0.42734375 0.6875 0.05 0.19375
2 0.43984375 0.425 0.03125 0.140625
2 0.20625 0.42734375 0.05 0.1265625
2 0.1390625 0.515625 0.0421875 0.1765625