2 0.13359375 0.58515625 0.0296875 0.1671875
2 0.17109375 0.38203125 0.0328125 0.128125
2 0.34296875 0.5078125 0.0296875 0.1546875
2 0.3265625 0.3984375 0.0234375 0.1453125
2 0.4328125 0.3390625 0.0203125 0.128125
2 0.4953125 0.27890625 0.021875 0.11875
2 0.57734375 0.58515625 0.0328125 0.1609375
2 0.75859375 0.825 0.04375 0.203125
2 0.76171875 0.871875 0.0515625 0.2078125
2 0.75234375 0.7390625 0.0421875 0.1953125
2 0.653125 0.66640625 0.03125 0.184375
2 0.63125 0.6125 0.03125 0.1640625
1 0.69375 0.421875 0.0265625 0.15
3 0.99296875 0.56875 0.0140625 0.16875