2 0.23671875 0.65703125 0.034375 0.1484375
2 0.37421875 0.7 0.0375 0.171875
2 0.65390625 0.66640625 0.0296875 0.1671875
2 0.41640625 0.61796875 0.034375 0.175
2 0.3953125 0.56484375 0.03125 0.1359375
2 0.3625 0.51953125 0.0265625 0.153125
2 0.29375 0.54609375 0.0453125 0.1390625
2 0.375 0.47265625 0.034375 0.128125
2 0.39140625 0.4296875 0.03125 0.134375
2 0.3 0.3703125 0.028125 0.1359375
2 0.15390625 0.3 0.0375 0.13125
1 0.65859375 0.465625 0.0296875 0.15625
3 0.80703125 0.5640625 0.025 0.14375
2 0.88984375 0.72578125 0.0234375 0.171875