2 0.0859375 0.53984375 0.05625 0.1796875
2 0.3125 0.29375 0.0375 0.1375
2 0.3015625 0.50859375 0.053125 0.1609375
2 0.34609375 0.4875 0.0515625 0.1640625
2 0.39609375 0.5015625 0.04375 0.1734375
2 0.35703125 0.375 0.0375 0.1203125
2 0.5109375 0.67265625 0.0609375 0.1640625
2 0.54765625 0.66015625 0.0640625 0.1640625
2 0.72890625 0.6515625 0.053125 0.1671875
2 0.475 0.56875 0.0546875 0.1453125
2 0.46875 0.48515625 0.0578125 0.096875
3 0.253125 0.72578125 0.0546875 0.2109375
3 0.62578125 0.34375 0.03125 0.1359375
1 0.71015625 0.45703125 0.0390625 0.140625
2 0.9828125 0.6984375 0.034375 0.203125