2 0.0875 0.440625 0.0515625 0.1484375
2 0.259375 0.81015625 0.078125 0.1765625
2 0.2921875 0.4453125 0.0234375 0.146875
2 0.321875 0.5234375 0.0328125 0.13125
2 0.315625 0.43515625 0.0375 0.0671875
2 0.35078125 0.4953125 0.028125 0.165625
2 0.38515625 0.4609375 0.0328125 0.15625
2 0.434375 0.5328125 0.0421875 0.159375
2 0.475 0.52578125 0.05625 0.1640625
2 0.64609375 0.609375 0.0484375 0.175
2 0.796875 0.65703125 0.059375 0.16875
1 0.6453125 0.43359375 0.0296875 0.1421875
3 0.50390625 0.3328125 0.040625 0.14375