2 0.2015625 0.29453125 0.03125 0.165625
2 0.575 0.22734375 0.0390625 0.1328125
2 0.41015625 0.3671875 0.0484375 0.15
2 0.49453125 0.309375 0.05 0.1703125
2 0.47734375 0.44609375 0.0484375 0.1703125
2 0.28125 0.54921875 0.0328125 0.2109375
2 0.5640625 0.48046875 0.028125 0.16875
2 0.5140625 0.73359375 0.04375 0.28125
2 0.5953125 0.5140625 0.028125 0.1796875
2 0.590625 0.5453125 0.028125 0.1984375
2 0.68203125 0.615625 0.028125 0.2015625
2 0.71328125 0.5578125 0.0515625 0.1984375
2 0.871875 0.67578125 0.053125 0.24375
3 0.70859375 0.325 0.028125 0.146875
3 0.75625 0.38828125 0.03125 0.1578125