2 0.0609375 0.6109375 0.05 0.1890625
2 0.30703125 0.5625 0.0390625 0.1953125
2 0.503125 0.5328125 0.0546875 0.1703125
2 0.63515625 0.62109375 0.0640625 0.1984375
2 0.86875 0.46015625 0.0578125 0.15
2 0.5671875 0.4828125 0.0390625 0.153125
2 0.58359375 0.46171875 0.0359375 0.15
2 0.621875 0.475 0.0515625 0.165625
2 0.64296875 0.41953125 0.040625 0.1328125
2 0.6296875 0.346875 0.03125 0.13125
2 0.6390625 0.28984375 0.028125 0.109375
3 0.1828125 0.453125 0.040625 0.2015625
1 0.3484375 0.4 0.05 0.178125