2 0.0671875 0.64921875 0.0578125 0.165625
2 0.34140625 0.6484375 0.0640625 0.1671875
2 0.453125 0.64453125 0.053125 0.153125
2 0.4890625 0.66328125 0.053125 0.1234375
2 0.58125 0.6421875 0.0359375 0.1765625
2 0.625 0.678125 0.0453125 0.171875
2 0.64609375 0.59765625 0.0546875 0.1359375
2 0.8453125 0.6671875 0.0453125 0.171875
2 0.8546875 0.4765625 0.0171875 0.1125
2 0.70390625 0.52734375 0.0390625 0.1328125
2 0.6375 0.47109375 0.0359375 0.1046875
2 0.59296875 0.425 0.0265625 0.0828125
1 0.40859375 0.509375 0.040625 0.13125
3 0.27421875 0.546875 0.03125 0.13125
3 0.9546875 0.61171875 0.025 0.1609375