2 0.215625 0.40546875 0.0640625 0.1453125
2 0.340625 0.4546875 0.0703125 0.1359375
2 0.39765625 0.49140625 0.0671875 0.1171875
2 0.43984375 0.38125 0.046875 0.096875
2 0.4828125 0.4578125 0.0328125 0.1234375
2 0.51484375 0.47734375 0.0484375 0.1546875
2 0.39140625 0.6375 0.06875 0.175
2 0.3234375 0.68515625 0.0828125 0.196875
2 0.56484375 0.65234375 0.0703125 0.1953125
2 0.65078125 0.70625 0.059375 0.1609375
2 0.64375 0.56953125 0.05625 0.1875
2 0.6140625 0.4734375 0.059375 0.0875
1 0.92578125 0.48203125 0.059375 0.2015625
3 0.790625 0.41640625 0.0515625 0.11875