2 0.2765625 0.74140625 0.040625 0.1375
2 0.36171875 0.6859375 0.04375 0.1796875
2 0.48359375 0.746875 0.05 0.1796875
2 0.48359375 0.6171875 0.021875 0.125
2 0.63828125 0.68515625 0.0390625 0.178125
2 0.5828125 0.58984375 0.0234375 0.15
2 0.575 0.4875 0.028125 0.0828125
2 0.61171875 0.48671875 0.0265625 0.0984375
2 0.728125 0.5546875 0.0234375 0.1328125
2 0.6515625 0.55703125 0.0359375 0.103125
2 0.6390625 0.50625 0.0265625 0.08125
2 0.65625 0.4578125 0.025 0.075
3 0.97421875 0.5875 0.025 0.153125
3 0.2296875 0.5578125 0.0296875 0.1296875
1 0.3515625 0.52109375 0.0359375 0.109375