1 0.71640625 0.4390625 0.0421875 0.1296875
3 0.8640625 0.63359375 0.040625 0.1828125
2 0.38359375 0.96796875 0.0671875 0.0640625
2 0.43359375 0.88203125 0.0734375 0.2234375
2 0.41640625 0.56953125 0.059375 0.1609375
2 0.37265625 0.48203125 0.0453125 0.13125
2 0.33125 0.4171875 0.0328125 0.109375
2 0.24609375 0.45390625 0.053125 0.13125
2 0.28046875 0.3703125 0.053125 0.1078125
2 0.2671875 0.63125 0.0765625 0.159375
2 0.2484375 0.57734375 0.05 0.14375
2 0.175 0.58125 0.028125 0.1484375
2 0.17265625 0.54453125 0.040625 0.1265625
2 0.02109375 0.59609375 0.0421875 0.178125