2 0.3734375 0.69609375 0.0546875 0.1296875
2 0.5328125 0.67421875 0.05 0.1640625
2 0.621875 0.69609375 0.0421875 0.171875
2 0.83828125 0.63515625 0.03125 0.159375
2 0.5515625 0.534375 0.03125 0.134375
2 0.58125 0.51875 0.0390625 0.1640625
2 0.61484375 0.5046875 0.046875 0.1453125
2 0.6875 0.4359375 0.0390625 0.146875
2 0.559375 0.33203125 0.0390625 0.1453125
2 0.47734375 0.2578125 0.0453125 0.1203125
3 0.31484375 0.35546875 0.028125 0.13125
3 0.978125 0.8296875 0.0390625 0.190625
1 0.29921875 0.48125 0.0359375 0.1625
2 0.0765625 0.73671875 0.046875 0.18125
2 0.8203125 0.31640625 0.03125 0.1390625