2 0.403125 0.2890625 0.0390625 0.134375
2 0.29296875 0.3765625 0.0421875 0.1609375
2 0.21953125 0.48203125 0.059375 0.196875
2 0.15234375 0.53515625 0.046875 0.2265625
2 0.346875 0.6 0.0921875 0.1765625
2 0.32734375 0.51328125 0.04375 0.171875
2 0.43359375 0.7046875 0.0921875 0.2015625
2 0.48515625 0.5953125 0.071875 0.1984375
2 0.6125 0.6328125 0.0578125 0.184375
2 0.78125 0.6546875 0.0609375 0.2171875
2 0.3953125 0.54921875 0.0375 0.165625
2 0.3828125 0.46875 0.0484375 0.1015625
1 0.6421875 0.44921875 0.071875 0.165625
3 0.56171875 0.34921875 0.0359375 0.16875