2 0.21640625 0.803125 0.0984375 0.203125
2 0.43828125 0.7390625 0.04375 0.215625
2 0.540625 0.684375 0.0359375 0.2390625
2 0.63828125 0.62265625 0.05625 0.2078125
2 0.6953125 0.61484375 0.0421875 0.2
2 0.75703125 0.4890625 0.0359375 0.1859375
2 0.646875 0.40703125 0.0390625 0.14375
2 0.59609375 0.346875 0.0421875 0.109375
2 0.32734375 0.59765625 0.05 0.1765625
3 0.446875 0.38515625 0.0359375 0.159375
3 0.815625 0.86171875 0.046875 0.2265625
1 0.37578125 0.52734375 0.071875 0.1671875
2 0.96171875 0.41171875 0.05 0.1484375
2 0.65078125 0.496875 0.02890625 0.078125