2 0.13359375 0.55390625 0.0546875 0.1875
2 0.225 0.55078125 0.0515625 0.20625
2 0.28125 0.5359375 0.05 0.1796875
2 0.34453125 0.5875 0.0546875 0.2078125
2 0.446875 0.60078125 0.0390625 0.1984375
2 0.4984375 0.59765625 0.040625 0.20625
2 0.7140625 0.584375 0.0484375 0.203125
2 0.77421875 0.63828125 0.03125 0.2109375
2 0.7796875 0.56796875 0.065625 0.1546875
2 0.91171875 0.63515625 0.04375 0.215625
2 0.4046875 0.40546875 0.0328125 0.1484375
2 0.46171875 0.32578125 0.0265625 0.125
1 0.6203125 0.47265625 0.0359375 0.175
3 0.77890625 0.5125 0.0375 0.171875