2 0.33203125 0.634375 0.0453125 0.1890625
2 0.59609375 0.73828125 0.0328125 0.2234375
2 0.54921875 0.58984375 0.034375 0.1578125
2 0.55703125 0.54921875 0.034375 0.1421875
2 0.58515625 0.52890625 0.034375 0.146875
2 0.65625 0.5 0.040625 0.1453125
2 0.65859375 0.45859375 0.0359375 0.1203125
2 0.71015625 0.48828125 0.0359375 0.128125
2 0.79921875 0.41640625 0.0296875 0.09375
2 0.61015625 0.41015625 0.0328125 0.1078125
2 0.49453125 0.34609375 0.03125 0.128125
1 0.34609375 0.46484375 0.0296875 0.1265625
3 0.16640625 0.53671875 0.0234375 0.1703125
2 0.01171875 0.64296875 0.0234375 0.1765625