2 0.31015625 0.8578125 0.0625 0.25625
2 0.446875 0.68671875 0.0421875 0.2375
2 0.40703125 0.66484375 0.046875 0.2
2 0.4875 0.5859375 0.0703125 0.19375
2 0.78046875 0.64765625 0.0546875 0.21875
2 0.68828125 0.49609375 0.034375 0.209375
2 0.6453125 0.5125 0.05 0.1765625
2 0.69296875 0.4765625 0.05625 0.1359375
2 0.72890625 0.3734375 0.040625 0.1703125
2 0.69609375 0.37734375 0.0390625 0.13125
2 0.70546875 0.340625 0.0328125 0.11875
2 0.61015625 0.2296875 0.03125 0.1296875
1 0.36484375 0.40625 0.0484375 0.1703125
3 0.459375 0.28203125 0.0328125 0.1484375