2 0.16875 0.559375 0.0640625 0.19375
2 0.47109375 0.33984375 0.0359375 0.13125
2 0.49375 0.55 0.0515625 0.19375
2 0.540625 0.49453125 0.034375 0.1671875
2 0.58359375 0.44296875 0.028125 0.1640625
2 0.6234375 0.39609375 0.0421875 0.15
2 0.63125 0.57421875 0.0328125 0.1625
2 0.76171875 0.69140625 0.0640625 0.2421875
2 0.79765625 0.49453125 0.053125 0.15625
2 0.790625 0.3546875 0.034375 0.1328125
3 0.94921875 0.4125 0.0375 0.1625
3 0.05390625 0.46953125 0.0375 0.165625
1 0.1859375 0.42265625 0.0390625 0.1671875
2 0.37890625 0.2984375 0.025 0.1375
0 0.778125 0.47890625 0.0125 0.0140625