3 0.775 0.75078125 0.0390625 0.178125
3 0.290625 0.32578125 0.021875 0.1140625
1 0.23359375 0.41484375 0.0328125 0.1390625
2 0.21875 0.59375 0.0421875 0.1625
2 0.415625 0.57421875 0.0578125 0.1703125
2 0.60703125 0.54453125 0.046875 0.1265625
2 0.690625 0.32734375 0.0390625 0.1171875
2 0.5140625 0.76015625 0.0546875 0.196875
2 0.5421875 0.50546875 0.04375 0.109375
2 0.50078125 0.41875 0.0375 0.125
2 0.53046875 0.3640625 0.0390625 0.1359375
2 0.56953125 0.36796875 0.03125 0.11875
2 0.47734375 0.31171875 0.025 0.1171875
2 0.403125 0.25 0.0234375 0.1109375