2 0.6890625 0.66640625 0.03125 0.1640625
2 0.51640625 0.61796875 0.0453125 0.1640625
2 0.47890625 0.7078125 0.0625 0.159375
2 0.3796875 0.6953125 0.06875 0.14375
2 0.34609375 0.64296875 0.06875 0.15
2 0.39375 0.56796875 0.0625 0.1578125
2 0.3484375 0.459375 0.046875 0.14375
2 0.41328125 0.3921875 0.0328125 0.1453125
2 0.153125 0.58515625 0.0578125 0.171875
3 0.07109375 0.4453125 0.0296875 0.15625
3 0.88828125 0.56171875 0.03125 0.1828125
1 0.7546875 0.4765625 0.0421875 0.1484375
2 0.1953125 0.37421875 0.0390625 0.146875
2 0.56953125 0.29375 0.0359375 0.121875