2 0.18046875 0.415625 0.040625 0.128125
2 0.22265625 0.49921875 0.05 0.10625
2 0.25390625 0.5046875 0.03125 0.1390625
2 0.2921875 0.440625 0.040625 0.1265625
2 0.33046875 0.38203125 0.0296875 0.1125
2 0.4015625 0.32890625 0.034375 0.084375
2 0.3578125 0.5125 0.0390625 0.140625
2 0.38671875 0.55625 0.0453125 0.171875
2 0.475 0.54765625 0.03125 0.1734375
2 0.44921875 0.70390625 0.0515625 0.2015625
2 0.59140625 0.62578125 0.0484375 0.178125
2 0.93515625 0.56953125 0.0484375 0.1203125
3 0.775 0.47890625 0.0375 0.184375
1 0.60234375 0.42734375 0.0390625 0.1375