2 0.03984375 0.6296875 0.0453125 0.17890625
2 0.18515625 0.4921875 0.053125 0.121875
2 0.32265625 0.465625 0.0375 0.125
2 0.34765625 0.50078125 0.0390625 0.1203125
2 0.35546875 0.44375 0.021875 0.084375
2 0.3890625 0.4203125 0.028125 0.103125
2 0.40390625 0.38984375 0.0328125 0.1015625
2 0.38984375 0.53828125 0.028125 0.146875
2 0.41484375 0.58046875 0.053125 0.1359375
2 0.4421875 0.5671875 0.0453125 0.153125
2 0.640625 0.653125 0.0296875 0.1796875
2 0.79765625 0.7359375 0.040625 0.1953125
3 0.0875 0.721875 0.059375 0.2140625
3 0.58125 0.4171875 0.01875 0.134375
1 0.60703125 0.4734375 0.0328125 0.146875