1 0.92578125 0.32734375 0.0625 0.1890625
3 0.784375 0.17890625 0.04375 0.165625
3 0.44296875 0.7328125 0.071875 0.228125
2 0.18046875 0.5171875 0.0609375 0.25
2 0.20546875 0.2296875 0.0515625 0.175
2 0.49296875 0.4078125 0.0515625 0.1890625
2 0.65703125 0.8234375 0.0625 0.278125
2 0.76875 0.5796875 0.046875 0.215625
2 0.71640625 0.5125 0.0546875 0.2203125
2 0.75390625 0.50859375 0.0265625 0.146875
2 0.49921875 0.2453125 0.034375 0.1640625
2 0.51015625 0.2765625 0.04375 0.171875
2 0.521875 0.2109375 0.0328125 0.1703125