2 0.15234375 0.74296875 0.03125 0.19375
2 0.446875 0.65859375 0.0359375 0.1890625
2 0.5015625 0.63359375 0.034375 0.1640625
2 0.509375 0.53125 0.01875 0.0890625
2 0.5453125 0.63203125 0.0515625 0.1671875
2 0.53984375 0.52734375 0.034375 0.0625
2 0.63671875 0.828125 0.071875 0.2078125
2 0.73046875 0.45390625 0.034375 0.15625
2 0.5671875 0.48828125 0.0359375 0.1375
2 0.5296875 0.39921875 0.0375 0.1359375
2 0.4609375 0.3453125 0.03125 0.13125
1 0.228125 0.52109375 0.0421875 0.1609375
3 0.8984375 0.52734375 0.0296875 0.1546875
3 0.04609375 0.6203125 0.028125 0.184375