2 0.7328125 0.7265625 0.046875 0.1921875
2 0.7875 0.53671875 0.028125 0.1671875
2 0.65 0.575 0.0359375 0.153125
2 0.64375 0.51484375 0.0375 0.140625
2 0.67734375 0.50703125 0.040625 0.153125
2 0.634375 0.475 0.0375 0.1078125
2 0.5734375 0.41875 0.028125 0.128125
2 0.49140625 0.334375 0.0265625 0.109375
2 0.509375 0.62578125 0.034375 0.159375
2 0.47578125 0.76015625 0.0390625 0.196875
2 0.38984375 0.66484375 0.0484375 0.1546875
2 0.1125 0.80859375 0.0546875 0.1890625
3 0.12265625 0.6015625 0.03125 0.1671875
1 0.30859375 0.496875 0.03125 0.1390625