2 0.196875 0.47734375 0.05625 0.1515625
2 0.2765625 0.55546875 0.034375 0.1734375
2 0.375 0.79453125 0.0421875 0.2375
2 0.5 0.7015625 0.0546875 0.1671875
2 0.3953125 0.64765625 0.0515625 0.159375
2 0.43671875 0.60859375 0.0546875 0.140625
2 0.359375 0.5703125 0.0328125 0.11875
2 0.31953125 0.51328125 0.0578125 0.1234375
2 0.31875 0.43203125 0.040625 0.09375
2 0.365625 0.41875 0.0375 0.1109375
2 0.42109375 0.325 0.0328125 0.1390625
1 0.61640625 0.475 0.0546875 0.14375
3 0.8015625 0.58671875 0.0390625 0.178125