2 0.184375 0.64609375 0.0453125 0.196875
2 0.403125 0.61484375 0.03125 0.2
2 0.62421875 0.58359375 0.0390625 0.1890625
2 0.58984375 0.4609375 0.046875 0.15625
2 0.59296875 0.37265625 0.0390625 0.0703125
2 0.64140625 0.44375 0.04375 0.165625
2 0.78515625 0.365625 0.034375 0.165625
2 0.85703125 0.728125 0.0734375 0.2
2 0.628125 0.88046875 0.0515625 0.2234375
2 0.49765625 0.321875 0.0265625 0.140625
2 0.4265625 0.259375 0.0359375 0.125
1 0.24921875 0.44375 0.0390625 0.153125
3 0.0609375 0.534375 0.0328125 0.1796875