2 0.24140625 0.63125 0.05 0.159375
2 0.4765625 0.7578125 0.0421875 0.2109375
2 0.69609375 0.5671875 0.0703125 0.1484375
2 0.803125 0.38984375 0.046875 0.128125
2 0.47734375 0.25703125 0.0296875 0.128125
2 0.515625 0.51171875 0.03125 0.1359375
2 0.54140625 0.5234375 0.028125 0.1546875
2 0.584375 0.49296875 0.0421875 0.134375
2 0.615625 0.4140625 0.034375 0.11875
2 0.59765625 0.33671875 0.0421875 0.1046875
2 0.45234375 0.540625 0.040625 0.1453125
3 0.815625 0.815625 0.065625 0.1984375
3 0.38203125 0.31015625 0.034375 0.1171875
1 0.29140625 0.434375 0.0453125 0.13125