2 0.0875 0.628125 0.075 0.178125
2 0.3578125 0.5859375 0.0546875 0.153125
2 0.5296875 0.5015625 0.0359375 0.1703125
2 0.553125 0.56796875 0.04375 0.146875
2 0.58203125 0.5390625 0.028125 0.140625
2 0.60703125 0.46171875 0.028125 0.153125
2 0.628125 0.490625 0.015625 0.1640625
2 0.6453125 0.42109375 0.0359375 0.134375
2 0.66953125 0.36796875 0.03125 0.1390625
2 0.85 0.4359375 0.053125 0.1421875
2 0.609375 0.30390625 0.0328125 0.1
3 0.18125 0.465625 0.0421875 0.190625
1 0.3265625 0.4171875 0.0640625 0.13125