2 0.66484375 0.7265625 0.0421875 0.171875
2 0.74375 0.62109375 0.0359375 0.1375
2 0.98515625 0.62109375 0.0296875 0.1453125
2 0.64375 0.5875 0.034375 0.128125
2 0.50234375 0.5359375 0.0234375 0.121875
2 0.5234375 0.534375 0.0234375 0.128125
2 0.4328125 0.521875 0.028125 0.1140625
2 0.27421875 0.48984375 0.021875 0.1046875
2 0.3140625 0.4921875 0.028125 0.109375
2 0.45546875 0.4703125 0.0265625 0.08125
2 0.47734375 0.45546875 0.0203125 0.0796875
2 0.46484375 0.43046875 0.0203125 0.0546875
3 0.29140625 0.76015625 0.053125 0.18125
3 0.63515625 0.4671875 0.0171875 0.0859375
1 0.6640625 0.48125 0.021875 0.084375