1 0.69609375 0.47109375 0.034375 0.153125
3 0.82265625 0.57421875 0.0234375 0.1765625
2 0.91484375 0.74453125 0.0484375 0.2
2 0.565625 0.2453125 0.0203125 0.1390625
2 0.56171875 0.67578125 0.0578125 0.1640625
2 0.38359375 0.5546875 0.046875 0.1625
2 0.384375 0.57890625 0.0390625 0.15625
2 0.3640625 0.5125 0.0375 0.1265625
2 0.309375 0.503125 0.0640625 0.1453125
2 0.2453125 0.6359375 0.059375 0.1796875
2 0.425 0.33515625 0.0453125 0.1421875
2 0.35703125 0.3921875 0.04375 0.1359375
2 0.1265625 0.33359375 0.0484375 0.1390625