2 0.66171875 0.6984375 0.046875 0.1640625
2 0.69765625 0.63359375 0.0390625 0.159375
2 0.6921875 0.49296875 0.04375 0.0671875
2 0.57734375 0.5859375 0.03125 0.165625
2 0.6015625 0.525 0.040625 0.1328125
2 0.440625 0.50078125 0.040625 0.13125
2 0.284375 0.6375 0.0546875 0.16875
2 0.2921875 0.57265625 0.034375 0.1515625
2 0.321875 0.5 0.025 0.1078125
2 0.33671875 0.43125 0.0296875 0.09375
2 0.17265625 0.48515625 0.053125 0.1375
3 0.2453125 0.84296875 0.0875 0.1921875
3 0.66875 0.39140625 0.0171875 0.103125
1 0.73125 0.475 0.0234375 0.1421875
0 0.20625 0.6 0.01484375 0.021875