2 0.49453125 0.28828125 0.0296875 0.1328125
2 0.409375 0.38203125 0.059375 0.1484375
2 0.3203125 0.55078125 0.046875 0.1546875
2 0.3234375 0.44453125 0.0359375 0.096875
2 0.1359375 0.3875 0.0484375 0.13125
2 0.24375 0.6171875 0.0578125 0.1671875
2 0.3671875 0.56015625 0.0359375 0.16875
2 0.41484375 0.58359375 0.0515625 0.1671875
2 0.49921875 0.63125 0.0453125 0.2234375
2 0.76796875 0.7421875 0.0609375 0.21875
2 0.946875 0.82890625 0.075 0.2140625
3 0.9015625 0.59765625 0.046875 0.1875
1 0.703125 0.4828125 0.0546875 0.184375