2 0.22265625 0.54140625 0.0546875 0.175
2 0.45234375 0.53671875 0.040625 0.17890625
2 0.58359375 0.47421875 0.0375 0.1640625
2 0.59140625 0.71953125 0.0671875 0.2359375
2 0.65546875 0.59296875 0.0640625 0.19375
2 0.82265625 0.49921875 0.040625 0.1625
2 0.82421875 0.33671875 0.028125 0.11875
2 0.64765625 0.43359375 0.03125 0.15
2 0.67109375 0.3625 0.034375 0.1296875
2 0.56328125 0.30625 0.021875 0.1125
2 0.4890625 0.28515625 0.028125 0.096875
1 0.3 0.37734375 0.03125 0.14375
3 0.34765625 0.31484375 0.0328125 0.115625