2 0.1625 0.4109375 0.04375 0.1515625
2 0.2953125 0.459375 0.05625 0.1453125
2 0.3953125 0.40546875 0.0375 0.140625
2 0.44609375 0.3640625 0.028125 0.1359375
2 0.3265625 0.73671875 0.0421875 0.203125
2 0.3421875 0.621875 0.0609375 0.1546875
2 0.33671875 0.63203125 0.0296875 0.115625
2 0.40625 0.5984375 0.0671875 0.190625
2 0.39296875 0.51171875 0.0296875 0.1421875
2 0.44140625 0.54765625 0.04375 0.159375
2 0.48046875 0.5796875 0.04375 0.1640625
2 0.51640625 0.65703125 0.04375 0.203125
3 0.653125 0.409375 0.0203125 0.1375
3 0.053125 0.73828125 0.04375 0.2140625
1 0.68203125 0.475 0.05 0.15625
0 0.365625 0.68984375 0.02421875 0.02421875