2 0.22890625 0.43828125 0.06875 0.165625
2 0.32265625 0.3328125 0.046875 0.10625
2 0.42890625 0.33359375 0.04375 0.1109375
2 0.540625 0.27578125 0.0375 0.1078125
2 0.6015625 0.21640625 0.021875 0.1078125
2 0.51875 0.38203125 0.0234375 0.1125
2 0.5765625 0.38828125 0.0203125 0.134375
2 0.5625 0.41015625 0.025 0.134375
2 0.58515625 0.609375 0.0421875 0.1734375
2 0.4625 0.82109375 0.0921875 0.246875
2 0.82734375 0.5484375 0.040625 0.178125
1 0.7609375 0.35078125 0.0359375 0.1421875
1 0.68515625 0.25703125 0.034375 0.1140625
1 0.0671875 0.7921875 0.0640625 0.234375