2 0.6078125 0.840625 0.0390625 0.2390625
2 0.92109375 0.8625 0.046875 0.228125
2 0.7625 0.6984375 0.0609375 0.1875
2 0.5953125 0.69921875 0.03125 0.1609375
2 0.525 0.5859375 0.0359375 0.159375
2 0.475 0.56875 0.05625 0.171875
2 0.3921875 0.5171875 0.0484375 0.1578125
2 0.18984375 0.60703125 0.04375 0.15625
2 0.28203125 0.45625 0.0328125 0.15
2 0.159375 0.446875 0.040625 0.15
2 0.4453125 0.390625 0.03125 0.1265625
2 0.51328125 0.31171875 0.0265625 0.1171875
3 0.9453125 0.58671875 0.03125 0.171875
1 0.71328125 0.48046875 0.0359375 0.15