2 0.4390625 0.659375 0.071875 0.21875
2 0.7125 0.56484375 0.0328125 0.1953125
2 0.5890625 0.46171875 0.028125 0.1609375
2 0.5265625 0.48671875 0.0375 0.165625
2 0.409375 0.53359375 0.040625 0.184375
2 0.33515625 0.5484375 0.0453125 0.184375
2 0.36015625 0.55546875 0.0265625 0.1984375
2 0.93828125 0.36015625 0.0296875 0.14375
2 0.66796875 0.4015625 0.0296875 0.1390625
2 0.60703125 0.44609375 0.0375 0.1546875
2 0.6296875 0.3296875 0.03125 0.125
2 0.5953125 0.27734375 0.021875 0.115625
1 0.325 0.4078125 0.0359375 0.1578125
3 0.134375 0.47421875 0.03125 0.175