2 0.23203125 0.5296875 0.0484375 0.175
2 0.471875 0.5 0.0328125 0.1734375
2 0.5453125 0.36484375 0.0265625 0.15625
2 0.5828125 0.3875 0.03125 0.1234375
2 0.60390625 0.46484375 0.0390625 0.15625
2 0.659375 0.41953125 0.0359375 0.1421875
2 0.6484375 0.33125 0.03125 0.0703125
2 0.77109375 0.43515625 0.0515625 0.1328125
2 0.809375 0.3234375 0.03125 0.109375
2 0.81171875 0.6359375 0.034375 0.2078125
2 0.6390625 0.575 0.040625 0.16875
1 0.3171875 0.36796875 0.0234375 0.1265625
3 0.34609375 0.309375 0.0296875 0.1296875