3 0.934375 0.4453125 0.0578125 0.178125
1 0.05390625 0.4046875 0.046875 0.1953125
2 0.0546875 0.5953125 0.0609375 0.2078125
2 0.34453125 0.52109375 0.0484375 0.196875
2 0.4 0.521875 0.040625 0.221875
2 0.36640625 0.49765625 0.0359375 0.171875
2 0.36953125 0.45390625 0.0390625 0.1421875
2 0.4125 0.3453125 0.0390625 0.1515625
2 0.32890625 0.259375 0.03125 0.1296875
2 0.50234375 0.515625 0.0625 0.221875
2 0.55625 0.546875 0.040625 0.2
2 0.553125 0.4203125 0.040625 0.15
2 0.72109375 0.36640625 0.0421875 0.146875