3 0.759375 0.48671875 0.0453125 0.1890625
1 0.49609375 0.4609375 0.0453125 0.14375
2 0.390625 0.340625 0.03125 0.1171875
2 0.22578125 0.41484375 0.0484375 0.159375
2 0.2828125 0.45 0.025 0.1421875
2 0.296875 0.359375 0.0296875 0.078125
2 0.31796875 0.453125 0.028125 0.1328125
2 0.33125 0.52109375 0.028125 0.1609375
2 0.36484375 0.55859375 0.025 0.184375
2 0.39296875 0.54140625 0.028125 0.1734375
2 0.4046875 0.4875 0.0921875 0.0703125
2 0.3234375 0.71953125 0.05 0.209375
2 0.48671875 0.65703125 0.0484375 0.2109375
2 0.85 0.65546875 0.0546875 0.1890625