2 0.39375 0.60390625 0.03125 0.165625
2 0.65703125 0.77890625 0.05 0.215625
2 0.86484375 0.65859375 0.040625 0.1671875
2 0.68046875 0.5984375 0.034375 0.1796875
2 0.54765625 0.546875 0.028125 0.16875
2 0.52890625 0.503125 0.0328125 0.1515625
2 0.49375 0.52734375 0.0453125 0.146875
2 0.5421875 0.31171875 0.0234375 0.1296875
2 0.3328125 0.39140625 0.0390625 0.140625
2 0.56875 0.259375 0.021875 0.1296875
2 0.14453125 0.3328125 0.0296875 0.134375
3 0.02734375 0.4984375 0.0328125 0.1609375
3 0.94375 0.53125 0.0234375 0.146875
1 0.790625 0.41796875 0.0328125 0.1546875