2 0.0234375 0.60625 0.0390625 0.1875
2 0.3421875 0.56875 0.0421875 0.2015625
2 0.5015625 0.5421875 0.0390625 0.1765625
2 0.65 0.6578125 0.05 0.2234375
2 0.56640625 0.47421875 0.028125 0.175
2 0.584375 0.45546875 0.0265625 0.1515625
2 0.63359375 0.44453125 0.03125 0.15625
2 0.6640625 0.40703125 0.034375 0.1515625
2 0.62421875 0.34140625 0.0265625 0.134375
2 0.61875 0.25859375 0.0234375 0.0734375
2 0.86953125 0.446875 0.0359375 0.1328125
3 0.17890625 0.45390625 0.046875 0.1890625
1 0.375 0.3953125 0.053125 0.1609375
0 0.878125 0.3703125 0.02578125 0.02421875