1 0.35078125 0.38828125 0.025 0.103125
3 0.39609375 0.340625 0.0296875 0.103125
3 0.78828125 0.59921875 0.046875 0.16875
2 0.30390625 0.525 0.040625 0.165625
2 0.04140625 0.5609375 0.034375 0.1484375
2 0.5078125 0.64765625 0.034375 0.1609375
2 0.69140625 0.496875 0.0328125 0.1421875
2 0.67890625 0.38203125 0.01875 0.1046875
2 0.49609375 0.3203125 0.015625 0.08125
2 0.53125 0.4796875 0.0390625 0.1078125
2 0.51796875 0.40390625 0.03125 0.0828125
2 0.528125 0.34296875 0.01875 0.078125
2 0.55 0.4125 0.01875 0.0921875
2 0.5640625 0.38125 0.015625 0.103125