1 0.15078125 0.47265625 0.0375 0.165625
3 0.72734375 0.79296875 0.0421875 0.25625
3 0.3015625 0.38359375 0.0296875 0.1375
2 0.16640625 0.7546875 0.1046875 0.21875
2 0.31953125 0.86796875 0.0421875 0.2515625
2 0.184375 0.67578125 0.040625 0.1828125
2 0.28984375 0.60390625 0.0453125 0.215625
2 0.4328125 0.5390625 0.05 0.1875
2 0.4203125 0.56796875 0.0375 0.2109375
2 0.496875 0.4125 0.034375 0.134375
2 0.59453125 0.446875 0.0296875 0.15625
2 0.7046875 0.575 0.08046875 0.1796875
2 0.8609375 0.64375 0.065625 0.221875
2 0.79921875 0.4140625 0.0390625 0.153125
2 0.53671875 0.35234375 0.0328125 0.125