1 0.0265625 0.54921875 0.0296875 0.1390625
3 0.03671875 0.63203125 0.03125 0.125
2 0.675 0.5265625 0.028125 0.1265625
3 0.71171875 0.53671875 0.0390625 0.1171875
2 0.11171875 0.66171875 0.0375 0.1609375
2 0.1171875 0.8046875 0.0421875 0.171875
2 0.3859375 0.53125 0.028125 0.125
2 0.41796875 0.58203125 0.0265625 0.1390625
2 0.43203125 0.60390625 0.0265625 0.140625
2 0.8296875 0.9171875 0.04375 0.15625
2 0.85625 0.67109375 0.0390625 0.171875
2 0.74921875 0.6390625 0.04375 0.1515625
2 0.62734375 0.52421875 0.028125 0.11875