2 0.240625 0.34609375 0.0359375 0.1625
3 0.2859375 0.5234375 0.0625 0.1703125
2 0.31640625 0.4453125 0.0296875 0.171875
2 0.36328125 0.45546875 0.034375 0.1828125
2 0.46875 0.309375 0.025 0.153125
2 0.48984375 0.40703125 0.0546875 0.1453125
2 0.515625 0.34296875 0.03125 0.1828125
2 0.50234375 0.45390625 0.034375 0.1609375
2 0.51328125 0.52109375 0.03125 0.1828125
2 0.54453125 0.6625 0.046875 0.2140625
2 0.840625 0.73203125 0.0453125 0.2359375
1 0.825 0.45859375 0.034375 0.1984375
3 0.72734375 0.3375 0.0375 0.1609375
2 0.390625 0.896875 0.075 0.20625