1 0.3703125 0.4671875 0.0359375 0.153125
3 0.1828125 0.54453125 0.025 0.1765625
2 0.028125 0.63828125 0.0328125 0.165625
2 0.38125 0.63125 0.0453125 0.184375
2 0.6125 0.7375 0.046875 0.2
2 0.62421875 0.59453125 0.0390625 0.153125
2 0.5828125 0.57109375 0.046875 0.15625
2 0.58828125 0.54296875 0.04375 0.1484375
2 0.7546875 0.49375 0.0390625 0.1421875
2 0.6875 0.5015625 0.040625 0.1390625
2 0.6515625 0.4375 0.0375 0.134375
2 0.5171875 0.3484375 0.028125 0.1359375
2 0.61875 0.4578125 0.046875 0.1265625
2 0.63203125 0.40390625 0.03125 0.10625