1 0.11953125 0.34296875 0.0328125 0.1421875
3 0.92421875 0.39765625 0.03125 0.14375
2 0.2265625 0.5859375 0.0671875 0.1640625
2 0.20546875 0.7421875 0.075 0.14375
2 0.51328125 0.840625 0.078125 0.2375
2 0.53671875 0.47265625 0.046875 0.16875
2 0.69140625 0.5515625 0.0546875 0.1671875
2 0.71796875 0.35390625 0.0296875 0.1484375
2 0.5953125 0.24296875 0.0265625 0.103125
2 0.3203125 0.48671875 0.0375 0.146875
2 0.44296875 0.41640625 0.028125 0.159375
2 0.484375 0.37421875 0.025 0.1421875
2 0.45625 0.33828125 0.021875 0.0921875
2 0.48828125 0.28046875 0.0375 0.13125