3 0.846875 0.59375 0.0390625 0.1625
2 0.575 0.47109375 0.046875 0.146875
1 0.5609375 0.4484375 0.0453125 0.153125
2 0.6296875 0.65078125 0.0515625 0.171875
2 0.46484375 0.815625 0.05 0.2109375
2 0.55390625 0.87421875 0.0421875 0.1921875
2 0.39921875 0.678125 0.0453125 0.190625
2 0.4125 0.45703125 0.0359375 0.1578125
2 0.325 0.45859375 0.053125 0.171875
2 0.2296875 0.3625 0.0453125 0.1171875
2 0.18828125 0.59921875 0.0640625 0.196875
2 0.28203125 0.659375 0.0453125 0.1953125
2 0.05 0.75625 0.0515625 0.2140625