2 0.11015625 0.4328125 0.05 0.1296875
2 0.16640625 0.68984375 0.0671875 0.23125
2 0.23671875 0.4578125 0.053125 0.159375
2 0.41171875 0.40625 0.0484375 0.1203125
2 0.4953125 0.31640625 0.03125 0.1265625
2 0.41171875 0.5609375 0.05 0.1703125
2 0.4640625 0.58125 0.0484375 0.1484375
2 0.478125 0.54375 0.040625 0.1375
2 0.58046875 0.68046875 0.0578125 0.1984375
2 0.64375 0.78125 0.065625 0.246875
2 0.715625 0.70703125 0.046875 0.1921875
2 0.92734375 0.840625 0.0828125 0.2296875
1 0.70078125 0.46953125 0.0390625 0.1390625
3 0.93125 0.584375 0.05625 0.1875