2 0.28984375 0.7390625 0.05625 0.2265625
2 0.50625 0.671875 0.046875 0.2296875
2 0.57109375 0.49140625 0.0390625 0.1875
2 0.61640625 0.7328125 0.0703125 0.209375
2 0.7484375 0.83203125 0.0921875 0.2125
2 0.6765625 0.625 0.0390625 0.18125
2 0.68046875 0.54296875 0.040625 0.11875
2 0.71796875 0.559375 0.034375 0.1875
2 0.734375 0.459375 0.0515625 0.103125
2 0.82109375 0.44453125 0.04375 0.159375
2 0.85234375 0.42734375 0.04375 0.165625
1 0.18203125 0.47265625 0.0484375 0.1640625
3 0.0328125 0.609375 0.04375 0.1890625