2 0.25234375 0.61953125 0.0515625 0.1875
2 0.29453125 0.6328125 0.0484375 0.209375
2 0.43984375 0.5546875 0.0421875 0.2109375
2 0.56953125 0.59140625 0.046875 0.203125
2 0.596875 0.5765625 0.04375 0.1984375
2 0.6484375 0.471875 0.0453125 0.146875
2 0.70703125 0.37109375 0.0421875 0.153125
2 0.8625 0.4640625 0.05625 0.1734375
2 0.84375 0.30859375 0.0375 0.1359375
2 0.60546875 0.29453125 0.028125 0.1078125
2 0.54453125 0.221875 0.040625 0.1359375
1 0.31953125 0.3875 0.0546875 0.1421875
3 0.4234375 0.27421875 0.0453125 0.1515625