3 0.2453125 0.546875 0.040625 0.165625
1 0.3328125 0.45546875 0.0390625 0.1375
2 0.56484375 0.36171875 0.040625 0.1171875
2 0.58046875 0.53828125 0.021875 0.1703125
2 0.60234375 0.428125 0.025 0.134375
2 0.6265625 0.46875 0.046875 0.16875
2 0.62265625 0.40859375 0.0265625 0.1359375
2 0.696875 0.52421875 0.07421875 0.15
2 0.78125 0.53203125 0.06484375 0.15625
2 0.60390625 0.6421875 0.0671875 0.17421875
2 0.47265625 0.665625 0.0703125 0.1796875
2 0.50234375 0.5859375 0.0375 0.1359375
2 0.553125 0.56953125 0.0265625 0.171875