2 0.61484375 0.72890625 0.05625 0.215625
2 0.8046875 0.84921875 0.078125 0.215625
2 0.33515625 0.76171875 0.0984375 0.20625
2 0.28125 0.7765625 0.0609375 0.1234375
2 0.12890625 0.64453125 0.0765625 0.171875
2 0.046875 0.49140625 0.065625 0.16875
2 0.2140625 0.52265625 0.0671875 0.1875
2 0.33828125 0.596875 0.0390625 0.1609375
2 0.4125 0.62109375 0.071875 0.10625
2 0.4734375 0.5875 0.0546875 0.2125
2 0.35703125 0.43359375 0.040625 0.1609375
2 0.353125 0.34765625 0.059375 0.11875
3 0.8765625 0.63359375 0.0734375 0.1875
1 0.8140625 0.56171875 0.08125 0.1234375