2 0.11953125 0.56171875 0.0578125 0.184375
2 0.2328125 0.4421875 0.0359375 0.1390625
2 0.36171875 0.7875 0.0671875 0.23125
2 0.325 0.53671875 0.0390625 0.159375
2 0.31328125 0.44375 0.028125 0.10625
2 0.34765625 0.4390625 0.034375 0.159375
2 0.36953125 0.46015625 0.046875 0.165625
2 0.43828125 0.36796875 0.0421875 0.1578125
2 0.50390625 0.2921875 0.03125 0.1265625
2 0.45859375 0.6578125 0.0484375 0.196875
2 0.65 0.6890625 0.04375 0.178125
3 0.9515625 0.609375 0.0296875 0.196875
1 0.70078125 0.46953125 0.0484375 0.1640625