2 0.30859375 0.7421875 0.0625 0.228125
2 0.428125 0.7359375 0.0390625 0.25
2 0.4234375 0.596875 0.0421875 0.2015625
2 0.5203125 0.63125 0.03125 0.225
2 0.54921875 0.590625 0.040625 0.190625
2 0.71796875 0.54296875 0.065625 0.1640625
2 0.69921875 0.55625 0.05 0.175
2 0.6765625 0.5125 0.0625 0.1640625
2 0.6671875 0.4140625 0.0453125 0.140625
2 0.8890625 0.4421875 0.046875 0.15625
1 0.36796875 0.48671875 0.040625 0.16875
3 0.45390625 0.34140625 0.0265625 0.1453125
2 0.57265625 0.29921875 0.0234375 0.1328125