2 0.23671875 0.68828125 0.0578125 0.2203125
2 0.459375 0.9046875 0.0703125 0.190625
2 0.4859375 0.70390625 0.05625 0.2265625
2 0.57578125 0.58125 0.0484375 0.2
2 0.62734375 0.56328125 0.028125 0.1890625
2 0.6625 0.540625 0.0671875 0.2046875
2 0.7140625 0.55703125 0.0703125 0.1671875
2 0.72109375 0.4546875 0.0453125 0.1578125
2 0.70625 0.3828125 0.0375 0.121875
2 0.80234375 0.378125 0.040625 0.1453125
2 0.6015625 0.26015625 0.0375 0.153125
1 0.34921875 0.44921875 0.0609375 0.146875
3 0.1078125 0.5421875 0.0375 0.1890625