3 0.64296875 0.68984375 0.0453125 0.2078125
3 0.3296875 0.3890625 0.021875 0.1359375
1 0.1875 0.471875 0.03125 0.1765625
2 0.24375 0.7109375 0.053125 0.2125
2 0.27890625 0.871875 0.0421875 0.25
2 0.32421875 0.653125 0.0390625 0.1953125
2 0.334375 0.58359375 0.046875 0.1859375
2 0.45546875 0.52578125 0.046875 0.196875
2 0.52734375 0.57890625 0.0421875 0.2171875
2 0.58671875 0.4796875 0.0453125 0.1515625
2 0.69453125 0.54921875 0.040625 0.1671875
2 0.86953125 0.65234375 0.0546875 0.2265625
2 0.83203125 0.41796875 0.034375 0.1609375
2 0.54609375 0.40859375 0.025 0.1359375
2 0.5796875 0.3546875 0.028125 0.1265625