2 0.0890625 0.54609375 0.05625 0.19375
2 0.14375 0.865625 0.059375 0.2203125
2 0.2375 0.7578125 0.0609375 0.234375
2 0.29453125 0.5359375 0.046875 0.184375
2 0.28046875 0.36328125 0.03125 0.1453125
2 0.39296875 0.31796875 0.03125 0.13125
2 0.5171875 0.321875 0.0359375 0.125
2 0.55390625 0.37734375 0.046875 0.1484375
2 0.53046875 0.509375 0.0859375 0.1859375
2 0.6765625 0.5265625 0.0828125 0.1828125
2 0.80078125 0.58515625 0.071875 0.19375
2 0.59296875 0.78828125 0.078125 0.2203125
0 0.25546875 0.53359375 0.01328125 0.02578125