2 0.28046875 0.59375 0.053125 0.1203125
2 0.3265625 0.57109375 0.0421875 0.16875
2 0.33125 0.425 0.0421875 0.1359375
2 0.4890625 0.70546875 0.034375 0.21875
2 0.5125 0.671875 0.0515625 0.146875
2 0.80546875 0.69375 0.04375 0.209375
2 0.94609375 0.79140625 0.0734375 0.23125
2 0.434375 0.48203125 0.0390625 0.1609375
2 0.46640625 0.503125 0.0328125 0.1515625
2 0.4875 0.5046875 0.046875 0.14375
2 0.48671875 0.40390625 0.04375 0.1
2 0.59140625 0.31953125 0.025 0.0984375
1 0.73125 0.49375 0.05 0.1578125
3 0.7171875 0.40234375 0.028125 0.1453125
3 0.3875 0.76640625 0.046875 0.2046875
0 0.32109375 0.421875 0.0234375 0.01953125