2 0.81328125 0.78671875 0.08125 0.1734375
2 0.6953125 0.68125 0.071875 0.171875
2 0.57578125 0.67578125 0.0734375 0.06875
2 0.55 0.5828125 0.0421875 0.153125
2 0.378125 0.6 0.0578125 0.1796875
2 0.27109375 0.6203125 0.0703125 0.1421875
2 0.315625 0.4890625 0.053125 0.1484375
2 0.278125 0.46171875 0.0484375 0.1578125
2 0.06171875 0.4703125 0.0625 0.1359375
2 0.209375 0.340625 0.05 0.125
2 0.3890625 0.3890625 0.0390625 0.1265625
2 0.3796875 0.49609375 0.0546875 0.121875
1 0.671875 0.47109375 0.046875 0.096875
3 0.6015625 0.34375 0.034375 0.140625
3 0.10078125 0.79453125 0.034375 0.221875