2 0.4921875 0.7296875 0.053125 0.2109375
2 0.7140625 0.61171875 0.0453125 0.2
2 0.4484375 0.565625 0.046875 0.1640625
2 0.1734375 0.51171875 0.0484375 0.1625
2 0.4828125 0.49765625 0.03125 0.1625
2 0.41640625 0.41796875 0.0484375 0.1171875
2 0.45546875 0.40625 0.0265625 0.109375
2 0.48125 0.44921875 0.0328125 0.1171875
2 0.49453125 0.4328125 0.025 0.1375
2 0.51953125 0.3828125 0.03125 0.1390625
2 0.60234375 0.32890625 0.01875 0.1234375
1 0.7515625 0.44296875 0.05 0.1609375
3 0.12109375 0.7109375 0.0578125 0.2125