2 0.92265625 0.665625 0.028125 0.159375
2 0.71953125 0.6390625 0.0359375 0.1671875
2 0.459375 0.72578125 0.0484375 0.184375
2 0.48984375 0.6109375 0.0375 0.1640625
2 0.328125 0.59765625 0.0328125 0.165625
2 0.315625 0.534375 0.0453125 0.153125
2 0.38984375 0.56015625 0.034375 0.1296875
2 0.40859375 0.51640625 0.0421875 0.125
2 0.3734375 0.48203125 0.028125 0.134375
2 0.38984375 0.47265625 0.0234375 0.115625
2 0.44921875 0.3859375 0.0234375 0.1078125
2 0.48203125 0.33515625 0.025 0.1046875
3 0.803125 0.53515625 0.0328125 0.1328125
1 0.653125 0.4703125 0.03125 0.1296875