2 0.7609375 0.63515625 0.0359375 0.190625
2 0.51484375 0.59453125 0.040625 0.190625
2 0.53828125 0.628125 0.046875 0.1921875
2 0.43671875 0.6296875 0.0609375 0.1984375
2 0.46328125 0.55859375 0.05625 0.1609375
2 0.3921875 0.46875 0.0515625 0.171875
2 0.2625 0.4625 0.0546875 0.1640625
2 0.11953125 0.5578125 0.05 0.203125
2 0.09375 0.28359375 0.040625 0.1421875
2 0.34375 0.28984375 0.04375 0.1484375
2 0.4734375 0.21171875 0.0265625 0.1265625
3 0.91015625 0.50546875 0.0328125 0.190625
1 0.7 0.40234375 0.04375 0.153125