1 0.15546875 0.45078125 0.04375 0.175
3 0.26171875 0.3859375 0.0390625 0.1421875
3 0.76953125 0.825 0.053125 0.228125
2 0.8109375 0.3625 0.05625 0.146875
2 0.640625 0.375 0.0296875 0.103125
2 0.5859375 0.41328125 0.04375 0.1484375
2 0.64140625 0.5484375 0.0421875 0.171875
2 0.4921875 0.50625 0.0296875 0.1734375
2 0.43046875 0.3828125 0.0234375 0.1140625
2 0.371875 0.60234375 0.0390625 0.190625
2 0.4125 0.625 0.0328125 0.1953125
2 0.43359375 0.55859375 0.0328125 0.159375
2 0.2171875 0.67734375 0.04375 0.16875
2 0.521875 0.81328125 0.04375 0.19375
2 0.20703125 0.80078125 0.053125 0.16796875