2 0.3703125 0.296875 0.0203125 0.15
2 0.415625 0.34921875 0.025 0.146875
2 0.1734375 0.5625 0.0296875 0.18125
2 0.4640625 0.565625 0.040625 0.1984375
2 0.52421875 0.42265625 0.0265625 0.1703125
2 0.5765625 0.48125 0.040625 0.1703125
2 0.5875 0.59609375 0.0390625 0.2
2 0.6640625 0.3984375 0.0484375 0.1671875
2 0.709375 0.46171875 0.0734375 0.1671875
2 0.82265625 0.38671875 0.0609375 0.1703125
2 0.85625 0.59609375 0.046875 0.196875
3 0.96484375 0.409375 0.034375 0.159375
3 0.01640625 0.4734375 0.0296875 0.18125
1 0.16015625 0.39609375 0.05 0.165625