2 0.0625 0.36796875 0.05 0.165625
2 0.221875 0.3109375 0.0421875 0.1703125
2 0.396875 0.35625 0.0484375 0.1640625
2 0.27734375 0.4921875 0.0296875 0.159375
2 0.27890625 0.43359375 0.046875 0.1421875
2 0.23359375 0.646875 0.0625 0.1984375
2 0.359375 0.6109375 0.0734375 0.1890625
2 0.43828125 0.51640625 0.0546875 0.1515625
2 0.5796875 0.5484375 0.040625 0.1828125
2 0.4984375 0.8421875 0.0265625 0.2140625
2 0.52578125 0.88984375 0.04375 0.2125
3 0.98125 0.5328125 0.0265625 0.203125
1 0.73984375 0.40546875 0.0390625 0.15625