2 0.4359375 0.5953125 0.0890625 0.1171875
2 0.5953125 0.56484375 0.0359375 0.184375
2 0.63203125 0.53046875 0.025 0.146875
2 0.64375 0.68203125 0.04375 0.196875
2 0.67734375 0.59375 0.0265625 0.1734375
2 0.703125 0.58671875 0.0390625 0.1921875
2 0.7984375 0.81875 0.0828125 0.259375
2 0.75546875 0.425 0.040625 0.165625
2 0.7859375 0.50078125 0.053125 0.153125
2 0.80703125 0.4328125 0.0296875 0.08125
2 0.85234375 0.4765625 0.0015625 0.0015625
2 0.81953125 0.3515625 0.0328125 0.078125
1 0.44375 0.46640625 0.0390625 0.1546875
3 0.26796875 0.4984375 0.0328125 0.1921875