3 0.2140625 0.54765625 0.0328125 0.1703125
1 0.38515625 0.496875 0.03125 0.1234375
2 0.103125 0.65859375 0.053125 0.20625
2 0.3625 0.6375 0.0453125 0.1875
2 0.50546875 0.68828125 0.0578125 0.1953125
2 0.51796875 0.6109375 0.034375 0.1765625
2 0.584375 0.65234375 0.078125 0.15
2 0.55625 0.596875 0.046875 0.134375
2 0.60546875 0.6203125 0.053125 0.1875
2 0.646875 0.56875 0.0421875 0.1859375
2 0.68203125 0.4703125 0.040625 0.1484375
2 0.70703125 0.4203125 0.034375 0.140625
2 0.6046875 0.3640625 0.05 0.109375
2 0.89921875 0.40859375 0.0390625 0.159375