2 0.68515625 0.66328125 0.034375 0.171875
2 0.50546875 0.84296875 0.05625 0.1953125
2 0.36484375 0.5265625 0.0453125 0.1390625
2 0.2234375 0.5 0.0390625 0.1109375
2 0.25625 0.396875 0.021875 0.1265625
2 0.37734375 0.334375 0.0234375 0.103125
2 0.45859375 0.39921875 0.025 0.10625
2 0.446875 0.36015625 0.0234375 0.109375
2 0.5953125 0.53046875 0.0328125 0.128125
2 0.584375 0.4671875 0.025 0.11875
1 0.8484375 0.4109375 0.0203125 0.128125
3 0.0109375 0.4765625 0.021875 0.134375
0 0.278125 0.52265625 0.01484375 0.01640625