3 0.02109375 0.8046875 0.0421875 0.2796875
3 0.5703125 0.26015625 0.028125 0.153125
2 0.46484375 0.215625 0.0359375 0.128125
2 0.38828125 0.2984375 0.021875 0.1640625
2 0.403125 0.3859375 0.03125 0.1203125
2 0.41015625 0.35546875 0.0375 0.140625
2 0.40234375 0.2921875 0.0203125 0.121875
2 0.41875 0.49765625 0.0421875 0.178125
2 0.47109375 0.4515625 0.0515625 0.1890625
2 0.553125 0.49453125 0.0359375 0.1484375
2 0.57421875 0.44765625 0.0375 0.1609375
2 0.6234375 0.49375 0.028125 0.1734375
2 0.28359375 0.4109375 0.0625 0.1625