2 0.73671875 0.73046875 0.0625 0.184375
2 0.71640625 0.653125 0.0390625 0.16875
2 0.5453125 0.62734375 0.0328125 0.184375
2 0.34609375 0.746875 0.0640625 0.221875
2 0.18515625 0.57109375 0.05 0.1609375
2 0.2515625 0.4359375 0.0359375 0.159375
2 0.38828125 0.51328125 0.046875 0.1375
2 0.3953125 0.45078125 0.046875 0.1171875
2 0.44296875 0.3890625 0.0359375 0.1265625
2 0.43828125 0.4109375 0.0296875 0.121875
2 0.48125 0.540625 0.0390625 0.165625
2 0.51328125 0.51171875 0.034375 0.15625
1 0.7609375 0.484375 0.034375 0.1578125
3 0.11796875 0.76484375 0.0515625 0.2203125