1 0.7796875 0.578125 0.0859375 0.11015625
3 0.909375 0.6 0.040625 0.1921875
3 0.02578125 0.50078125 0.0515625 0.1703125
2 0.215625 0.428125 0.0640625 0.13515625
2 0.28359375 0.76640625 0.115625 0.0890625
2 0.2859375 0.56484375 0.0546875 0.15625
2 0.32421875 0.5265625 0.028125 0.22265625
2 0.36171875 0.56328125 0.0453125 0.1953125
2 0.39765625 0.42109375 0.0390625 0.15859375
2 0.540625 0.3265625 0.059375 0.1171875
2 0.4640625 0.6109375 0.0625 0.16875
2 0.5515625 0.7046875 0.078125 0.1765625
2 0.65703125 0.703125 0.05 0.20234375
2 0.49375 0.6015625 0.0375 0.215625