2 0.2890625 0.9609375 0.046875 0.078125
2 0.259375 0.73046875 0.0734375 0.18671875
2 0.45546875 0.73046875 0.0421875 0.1921875
2 0.5546875 0.79296875 0.0453125 0.175
2 0.5390625 0.6390625 0.0359375 0.16875
2 0.80625 0.74296875 0.05859375 0.18515625
2 0.65 0.49453125 0.0515625 0.159375
2 0.715625 0.4125 0.0546875 0.1453125
2 0.5359375 0.50703125 0.03125 0.14375
2 0.5578125 0.3578125 0.03125 0.1265625
2 0.4234375 0.46875 0.0390625 0.15
2 0.45625 0.40703125 0.0328125 0.1515625
2 0.484375 0.3578125 0.0375 0.128125
3 0.17421875 0.46796875 0.0375 0.1375
3 0.96015625 0.8859375 0.06875 0.21875