2 0.103125 0.490625 0.078125 0.1515625
2 0.1890625 0.49765625 0.05 0.165625
2 0.3421875 0.38671875 0.0375 0.125
2 0.1859375 0.7328125 0.0828125 0.159375
2 0.2875 0.63125 0.0796875 0.20625
2 0.35625 0.53203125 0.053125 0.134375
2 0.37734375 0.75234375 0.05 0.1609375
2 0.409375 0.56328125 0.0421875 0.146875
2 0.43125 0.68515625 0.075 0.1546875
2 0.47421875 0.553125 0.0359375 0.1875
2 0.5109375 0.74609375 0.0578125 0.1984375
3 0.7671875 0.60859375 0.059375 0.1453125
1 0.7078125 0.50078125 0.0578125 0.1421875