1 0.096875 0.6453125 0.0265625 0.08125
1 0.8765625 0.6515625 0.0203125 0.08125
3 0.4640625 0.6875 0.0171875 0.090625
2 0.44296875 0.64921875 0.01875 0.090625
2 0.48515625 0.5875 0.0125 0.059375
2 0.503125 0.58046875 0.0140625 0.0578125
2 0.5109375 0.64609375 0.0109375 0.0796875
2 0.4859375 0.76484375 0.0234375 0.1109375
2 0.52890625 0.8140625 0.0265625 0.11875
2 0.73125 0.61015625 0.0109375 0.059375
2 0.72421875 0.59296875 0.0078125 0.0515625
2 0.74921875 0.63203125 0.015625 0.078125
2 0.76875 0.66484375 0.0140625 0.0765625
2 0.79296875 0.65703125 0.015625 0.0796875
2 0.9578125 0.73828125 0.0390625 0.103125
3 0.86171875 0.6125 0.009375 0.0625