3 0.0375 0.89375 0.040625 0.2125
3 0.5640625 0.3015625 0.03125 0.11875
1 0.6890625 0.41875 0.0453125 0.13125
2 0.46875 0.2609375 0.028125 0.1203125
2 0.41328125 0.36875 0.028125 0.1453125
2 0.29296875 0.4421875 0.0484375 0.121875
2 0.12734375 0.48125 0.0703125 0.1515625
2 0.153125 0.41015625 0.0390625 0.1578125
2 0.44296875 0.58984375 0.0484375 0.1484375
2 0.425 0.49296875 0.0484375 0.121875
2 0.47265625 0.565625 0.0421875 0.15625
2 0.56484375 0.58359375 0.0390625 0.1734375
2 0.621875 0.609375 0.025 0.1734375
2 0.70625 0.6203125 0.0390625 0.1921875