1 0.7140625 0.434375 0.075 0.203125
3 0.57265625 0.31796875 0.05 0.1734375
3 0.07421875 0.815625 0.0625 0.309375
2 0.040625 0.54609375 0.0609375 0.2125
2 0.07890625 0.3765625 0.0515625 0.13828125
2 0.25 0.4421875 0.059375 0.1921875
2 0.2421875 0.34375 0.034375 0.10625
2 0.3078125 0.3765625 0.0390625 0.16875
2 0.3421875 0.6125 0.0546875 0.1796875
2 0.4265625 0.53671875 0.0625 0.2328125
2 0.35546875 0.4859375 0.0484375 0.1796875
2 0.51484375 0.56640625 0.040625 0.2328125
2 0.5484375 0.5671875 0.05 0.2390625
2 0.684375 0.66328125 0.05 0.1765625
2 0.734375 0.7375 0.075 0.240625