3 0.12421875 0.475 0.0234375 0.165625
3 0.9875 0.43359375 0.025 0.1765625
1 0.26953125 0.41953125 0.0390625 0.1578125
2 0.29296875 0.55703125 0.0421875 0.184375
2 0.4828125 0.53515625 0.040625 0.1734375
2 0.58125 0.5 0.0234375 0.1484375
2 0.6078125 0.4703125 0.05 0.1328125
2 0.54140625 0.421875 0.03125 0.1734375
2 0.56015625 0.43828125 0.03125 0.128125
2 0.59921875 0.37890625 0.0359375 0.1171875
2 0.71875 0.43984375 0.0453125 0.1515625
2 0.81015625 0.35 0.04375 0.1375
2 0.65625 0.75703125 0.071875 0.2140625