2 0.61171875 0.61796875 0.0390625 0.1640625
2 0.58046875 0.59609375 0.046875 0.18125
2 0.48359375 0.5515625 0.0421875 0.184375
2 0.23515625 0.6140625 0.03125 0.1765625
2 0.3625 0.4546875 0.028125 0.1640625
2 0.346875 0.40625 0.0453125 0.1453125
2 0.2203125 0.42109375 0.04375 0.1640625
2 0.46640625 0.34375 0.0265625 0.165625
2 0.43125 0.34609375 0.0421875 0.125
2 0.3328125 0.31484375 0.046875 0.1140625
2 0.34921875 0.27578125 0.0421875 0.11875
1 0.68671875 0.403125 0.059375 0.1515625
3 0.83671875 0.51484375 0.0234375 0.16875
3 0.009375 0.3890625 0.0171875 0.1515625
2 0.91328125 0.67890625 0.0328125 0.184375