2 0.2109375 0.56328125 0.040625 0.171875
2 0.47734375 0.72109375 0.0375 0.209375
2 0.5 0.56796875 0.028125 0.1359375
2 0.51953125 0.48359375 0.0203125 0.15
2 0.5296875 0.51796875 0.0203125 0.1609375
2 0.734375 0.61953125 0.040625 0.1921875
2 0.54921875 0.5 0.025 0.1515625
2 0.52734375 0.39296875 0.025 0.134375
2 0.32890625 0.4234375 0.0578125 0.10625
2 0.271875 0.39765625 0.0390625 0.1
3 0.0703125 0.484375 0.0375 0.1546875
3 0.9640625 0.540625 0.0234375 0.16875
1 0.77109375 0.4515625 0.025 0.159375