2 0.9734375 0.725 0.0515625 0.1890625
2 0.53984375 0.67421875 0.0515625 0.1640625
2 0.4875 0.64453125 0.0421875 0.215625
2 0.4125 0.7578125 0.0578125 0.1828125
2 0.1953125 0.7234375 0.0609375 0.1390625
2 0.16328125 0.671875 0.0515625 0.153125
2 0.284375 0.51015625 0.0453125 0.175
2 0.325 0.553125 0.0375 0.16875
2 0.39765625 0.5484375 0.0515625 0.15
2 0.29375 0.46484375 0.040625 0.1609375
2 0.2765625 0.28671875 0.0390625 0.1234375
2 0.12734375 0.409375 0.053125 0.153125
1 0.66328125 0.43046875 0.0453125 0.178125
3 0.86953125 0.54453125 0.034375 0.1828125