3 0.69375 0.73984375 0.046875 0.1921875
3 0.09921875 0.38046875 0.0265625 0.1640625
1 0.19453125 0.3765625 0.05 0.1796875
2 0.3296875 0.27265625 0.03125 0.1125
2 0.215625 0.6546875 0.034375 0.2
2 0.35 0.62265625 0.0375 0.196875
2 0.490625 0.734375 0.075 0.2015625
2 0.4484375 0.4546875 0.0375 0.171875
2 0.48515625 0.46875 0.034375 0.1734375
2 0.6375 0.5328125 0.05 0.18125
2 0.44375 0.36328125 0.040625 0.15
2 0.453125 0.3 0.0484375 0.15
2 0.76328125 0.3734375 0.0578125 0.1453125
2 0.8921875 0.540625 0.0453125 0.196875