3 0.91484375 0.515625 0.0296875 0.1421875
3 0.05234375 0.57421875 0.0328125 0.1546875
1 0.2 0.496875 0.0328125 0.1421875
2 0.01015625 0.7578125 0.0203125 0.215625
2 0.259375 0.6828125 0.0453125 0.1640625
2 0.315625 0.65546875 0.05 0.15625
2 0.328125 0.73984375 0.053125 0.175
2 0.51875 0.6015625 0.053125 0.1453125
2 0.7140625 0.6546875 0.0390625 0.1765625
2 0.60625 0.49765625 0.0421875 0.15
2 0.49765625 0.525 0.0484375 0.1421875
2 0.528125 0.4796875 0.03125 0.1203125
2 0.46171875 0.41484375 0.0265625 0.1203125
2 0.49375 0.39140625 0.0234375 0.125
2 0.82890625 0.4234375 0.0234375 0.13125
0 0.6625 0.5796875 0.01953125 0.021875