1 0.23515625 0.478125 0.05 0.1171875
3 0.4515625 0.41640625 0.03125 0.1296875
3 0.98125 0.86640625 0.0375 0.1796875
2 0.796875 0.8578125 0.0875 0.23125
2 0.28828125 0.75625 0.0609375 0.184375
2 0.43828125 0.73828125 0.0484375 0.1765625
2 0.50859375 0.6953125 0.0484375 0.1390625
2 0.52109375 0.58828125 0.0375 0.10625
2 0.590625 0.58671875 0.046875 0.171875
2 0.68671875 0.5796875 0.034375 0.159375
2 0.7890625 0.5296875 0.0546875 0.1640625
2 0.725 0.44453125 0.05 0.1421875
2 0.6625 0.4171875 0.0484375 0.13125
2 0.6046875 0.36484375 0.03125 0.1109375
2 0.94921875 0.4171875 0.0484375 0.15