2 0.5765625 0.8734375 0.05625 0.24375
2 0.63828125 0.6953125 0.046875 0.2296875
2 0.3015625 0.58125 0.0453125 0.184375
2 0.51328125 0.5484375 0.0390625 0.18125
2 0.3921875 0.415625 0.0390625 0.13125
2 0.2796875 0.34453125 0.03125 0.1625
2 0.57421875 0.5015625 0.046875 0.1609375
2 0.61484375 0.5609375 0.0453125 0.18125
2 0.5984375 0.375 0.03125 0.1359375
2 0.62265625 0.29609375 0.034375 0.1390625
2 0.9203125 0.71328125 0.0453125 0.2046875
3 0.275 0.7109375 0.0421875 0.215625
3 0.8 0.35703125 0.028125 0.134375
1 0.89921875 0.46640625 0.040625 0.1765625