3 0.8421875 0.48125 0.0421875 0.18125
1 0.6359375 0.40625 0.0359375 0.13125
2 0.4421875 0.29921875 0.0203125 0.0859375
2 0.3203125 0.371875 0.0328125 0.121875
2 0.35 0.4703125 0.0390625 0.134375
2 0.35390625 0.38828125 0.03125 0.125
2 0.38203125 0.35 0.0265625 0.115625
2 0.403125 0.52109375 0.034375 0.16875
2 0.51953125 0.5515625 0.0390625 0.178125
2 0.69140625 0.55078125 0.0296875 0.1625
2 0.96796875 0.565625 0.028125 0.175
2 0.4125 0.70078125 0.0375 0.171875
2 0.103125 0.56875 0.06875 0.184375
2 0.10234375 0.365625 0.028125 0.1171875
0 0.3984375 0.6453125 0.01953125 0.03125