1 0.1890625 0.44375 0.040625 0.1421875
3 0.24140625 0.359375 0.0234375 0.1296875
3 0.7203125 0.7734375 0.0546875 0.2140625
2 0.3765625 0.26875 0.0328125 0.121875
2 0.46875 0.37578125 0.0265625 0.1296875
2 0.490625 0.440625 0.0234375 0.1515625
2 0.5203125 0.4296875 0.04375 0.14375
2 0.5625 0.51796875 0.0453125 0.128125
2 0.60859375 0.4875 0.0578125 0.1640625
2 0.6484375 0.4625 0.028125 0.1640625
2 0.70546875 0.44375 0.04375 0.1515625
2 0.35 0.6046875 0.046875 0.1953125
2 0.28046875 0.640625 0.034375 0.1921875
2 0.2140625 0.66953125 0.040625 0.2109375