3 0.8953125 0.571875 0.046875 0.18125
2 0.5890625 0.48828125 0.0359375 0.171875
1 0.6234375 0.459375 0.0359375 0.171875
2 0.70078125 0.65546875 0.0484375 0.175
2 0.425 0.6921875 0.046875 0.2265625
2 0.40078125 0.46796875 0.0375 0.1734375
2 0.321875 0.4421875 0.053125 0.15625
2 0.2453125 0.68203125 0.0421875 0.2140625
2 0.3234375 0.84140625 0.0375 0.184375
2 0.0609375 0.76015625 0.0484375 0.203125
2 0.090625 0.6046875 0.0546875 0.1828125
2 0.04609375 0.41484375 0.0328125 0.1421875
2 0.3625 0.9390625 0.05 0.121875