2 0.1359375 0.54921875 0.0609375 0.1875
2 0.1859375 0.415625 0.0546875 0.15
2 0.32421875 0.3921875 0.0390625 0.115625
2 0.36328125 0.471875 0.0265625 0.1328125
2 0.37734375 0.4359375 0.0234375 0.090625
2 0.36875 0.353125 0.0359375 0.0953125
2 0.503125 0.5328125 0.0421875 0.159375
2 0.69921875 0.55546875 0.0546875 0.140625
2 0.34765625 0.765625 0.071875 0.1796875
2 0.95546875 0.58515625 0.040625 0.1625
2 0.4078125 0.31796875 0.0234375 0.1078125
1 0.6078125 0.4140625 0.0359375 0.1109375
3 0.775 0.44453125 0.034375 0.1609375