2 0.51328125 0.34140625 0.0375 0.140625
2 0.63671875 0.29296875 0.0390625 0.146875
2 0.79375 0.3640625 0.0359375 0.1546875
2 0.82578125 0.57734375 0.0578125 0.1765625
2 0.67421875 0.57421875 0.0578125 0.2
2 0.503125 0.4765625 0.0359375 0.1484375
2 0.53984375 0.45 0.03125 0.1609375
2 0.5828125 0.41875 0.0390625 0.1640625
2 0.434375 0.66875 0.0546875 0.215625
2 0.39140625 0.63359375 0.0578125 0.1703125
2 0.2734375 0.61171875 0.0453125 0.1859375
2 0.2484375 0.775 0.059375 0.24375
3 0.00859375 0.6015625 0.0171875 0.18125
3 0.98515625 0.5796875 0.028125 0.190625
1 0.16875 0.4375 0.053125 0.15