2 0.1703125 0.59765625 0.0640625 0.1921875
2 0.415625 0.56328125 0.0359375 0.2265625
2 0.6046875 0.525 0.0421875 0.1921875
2 0.63046875 0.43359375 0.03125 0.178125
2 0.5953125 0.34609375 0.028125 0.1359375
2 0.5109375 0.2671875 0.0328125 0.13125
2 0.43203125 0.2109375 0.0359375 0.11875
2 0.771875 0.465625 0.0765625 0.1765625
2 0.8015625 0.29609375 0.053125 0.1546875
2 0.7765625 0.78359375 0.040625 0.25
2 0.65703125 0.67265625 0.0453125 0.1921875
1 0.24296875 0.39453125 0.03125 0.175
3 0.0703125 0.4921875 0.05 0.16875