1 0.6828125 0.46171875 0.0296875 0.1609375
3 0.8453125 0.5140625 0.0265625 0.1609375
2 0.59453125 0.6140625 0.046875 0.1828125
2 0.365625 0.48203125 0.025 0.1375
2 0.35390625 0.4484375 0.025 0.109375
2 0.38359375 0.425 0.025 0.1375
2 0.41640625 0.3875 0.025 0.1328125
2 0.503125 0.33984375 0.0265625 0.09375
2 0.3921875 0.6890625 0.046875 0.175
2 0.32578125 0.60078125 0.0390625 0.146875
2 0.13359375 0.5140625 0.0375 0.1578125
2 0.33984375 0.503125 0.0328125 0.1265625
2 0.3171875 0.4171875 0.03125 0.10625