2 0.084375 0.475 0.0484375 0.1359375
2 0.215625 0.50703125 0.04375 0.1546875
2 0.25078125 0.575 0.034375 0.1453125
2 0.315625 0.53359375 0.034375 0.153125
2 0.36875 0.41640625 0.046875 0.1296875
2 0.409375 0.31796875 0.025 0.121875
2 0.40859375 0.790625 0.075 0.1921875
2 0.51640625 0.71640625 0.0546875 0.1671875
2 0.4359375 0.62265625 0.040625 0.1578125
2 0.43203125 0.52890625 0.0390625 0.084375
2 0.46484375 0.55234375 0.028125 0.190625
3 0.821875 0.57578125 0.04375 0.18125
1 0.609375 0.5046875 0.0515625 0.146875