3 0.8375 0.71015625 0.03125 0.1984375
1 0.265625 0.46875 0.0296875 0.1484375
3 0.2859375 0.40390625 0.0265625 0.115625
2 0.28125 0.63671875 0.03125 0.171875
2 0.5734375 0.73671875 0.04375 0.20625
2 0.78125 0.55234375 0.0375 0.1671875
2 0.771875 0.4546875 0.03125 0.11875
2 0.87265625 0.4234375 0.0359375 0.1375
2 0.50234375 0.59765625 0.03125 0.1625
2 0.5234375 0.515625 0.040625 0.1484375
2 0.46015625 0.55 0.0296875 0.153125
2 0.5015625 0.396875 0.01875 0.1046875
2 0.4046875 0.34921875 0.01875 0.115625