2 0.925 0.62890625 0.0421875 0.20625
2 0.90546875 0.40546875 0.0703125 0.1
2 0.77109375 0.48515625 0.0546875 0.1375
2 0.76796875 0.403125 0.05625 0.1140625
2 0.66015625 0.440625 0.05625 0.14375
2 0.60703125 0.43515625 0.0515625 0.1328125
2 0.56796875 0.31640625 0.03125 0.0875
2 0.4578125 0.584375 0.0390625 0.1609375
2 0.60546875 0.6015625 0.053125 0.1640625
2 0.14921875 0.64296875 0.0515625 0.165625
2 0.1984375 0.6359375 0.1 0.08125
2 0.4171875 0.709375 0.04375 0.109375
1 0.31171875 0.42109375 0.03125 0.1484375
3 0.14453125 0.471875 0.0359375 0.1453125