3 0.2234375 0.31015625 0.0390625 0.1546875
3 0.80703125 0.7625 0.0578125 0.225
1 0.14453125 0.41171875 0.05 0.1828125
2 0.17890625 0.64453125 0.05625 0.21875
2 0.46171875 0.6078125 0.04375 0.2453125
2 0.47890625 0.42890625 0.0390625 0.184375
2 0.5125 0.465625 0.0390625 0.1828125
2 0.4171875 0.28515625 0.0390625 0.1640625
2 0.36015625 0.22421875 0.0359375 0.140625
2 0.56953125 0.40234375 0.0390625 0.1421875
2 0.6421875 0.33359375 0.04375 0.121875
2 0.715625 0.30078125 0.0359375 0.13125
2 0.734375 0.421875 0.0453125 0.146875
2 0.703125 0.7484375 0.0609375 0.25