2 0.20234375 0.396875 0.04375 0.1609375
2 0.38984375 0.53984375 0.059375 0.1828125
2 0.3875 0.43046875 0.0453125 0.128125
2 0.496875 0.509375 0.0734375 0.1640625
2 0.571875 0.3703125 0.0359375 0.1703125
2 0.6328125 0.28515625 0.021875 0.140625
2 0.6921875 0.54375 0.0328125 0.1875
2 0.71796875 0.5640625 0.0328125 0.2328125
2 0.7515625 0.61171875 0.0578125 0.234375
2 0.8 0.80859375 0.0421875 0.246875
2 0.97890625 0.62734375 0.0421875 0.21875
1 0.87578125 0.425 0.0640625 0.1953125
3 0.04609375 0.52890625 0.0453125 0.20625