2 0.14296875 0.5296875 0.0421875 0.15625
2 0.21015625 0.51171875 0.03125 0.1390625
2 0.24921875 0.5 0.0453125 0.1625
2 0.36328125 0.75 0.0484375 0.215625
2 0.3015625 0.528125 0.0515625 0.153125
2 0.384375 0.42421875 0.0390625 0.1375
2 0.3453125 0.3234375 0.04375 0.14375
2 0.45625 0.63125 0.0390625 0.184375
2 0.44921875 0.5265625 0.0375 0.1171875
2 0.49375 0.58984375 0.0390625 0.18125
2 0.63125 0.6671875 0.0515625 0.2078125
3 0.63359375 0.390625 0.025 0.1375
3 0.1203125 0.78984375 0.0421875 0.2328125
1 0.7015625 0.46796875 0.03125 0.1546875