2 0.12578125 0.41328125 0.0296875 0.1234375
2 0.165625 0.72265625 0.059375 0.1796875
2 0.41796875 0.8375 0.059375 0.184375
2 0.48671875 0.72734375 0.053125 0.2
2 0.34609375 0.459375 0.0375 0.109375
2 0.48828125 0.390625 0.015625 0.1234375
2 0.50078125 0.5171875 0.0296875 0.134375
2 0.55 0.57109375 0.0515625 0.1375
2 0.81875 0.67265625 0.05625 0.1609375
2 0.5375 0.49140625 0.034375 0.0515625
2 0.5609375 0.32109375 0.0234375 0.1015625
1 0.7296875 0.46796875 0.0421875 0.1140625
3 0.84453125 0.521875 0.0375 0.140625