1 0.3078125 0.43046875 0.0421875 0.1578125
3 0.13046875 0.49140625 0.03125 0.1828125
3 0.9890625 0.44765625 0.021875 0.1734375
2 0.8640625 0.46015625 0.0578125 0.1578125
2 0.7765625 0.41875 0.04375 0.1375
2 0.58359375 0.79453125 0.0671875 0.234375
2 0.475 0.6765625 0.0390625 0.209375
2 0.51328125 0.55625 0.034375 0.165625
2 0.4875 0.525 0.0234375 0.125
2 0.5484375 0.53125 0.0390625 0.140625
2 0.5734375 0.52109375 0.0375 0.1453125
2 0.5921875 0.49921875 0.021875 0.1296875
2 0.571875 0.3671875 0.0296875 0.1265625
2 0.6046875 0.40625 0.0265625 0.109375
2 0.503125 0.31484375 0.0234375 0.1234375