2 0.1484375 0.565625 0.0953125 0.16640625
2 0.23203125 0.51015625 0.05 0.2234375
2 0.29921875 0.57109375 0.0765625 0.1640625
2 0.3375 0.45 0.0515625 0.1703125
2 0.3328125 0.2984375 0.03125 0.15625
2 0.37734375 0.23984375 0.06875 0.11328125
2 0.3875 0.46171875 0.0375 0.1796875
2 0.45625 0.4515625 0.040625 0.184375
2 0.4328125 0.6078125 0.0421875 0.1921875
2 0.621875 0.63515625 0.090625 0.19609375
2 0.403125 0.771875 0.10625 0.165625
2 0.903125 0.68984375 0.0859375 0.1703125
3 0.57734375 0.26640625 0.0484375 0.14375
1 0.6671875 0.36953125 0.05 0.1640625