1 0.3765625 0.5125 0.0296875 0.1
3 0.27578125 0.54296875 0.025 0.109375
3 0.90859375 0.5796875 0.0296875 0.1484375
2 0.746875 0.52890625 0.03125 0.121875
2 0.58671875 0.55703125 0.0390625 0.115625
2 0.61171875 0.61171875 0.028125 0.1203125
2 0.6109375 0.5125 0.0265625 0.0921875
2 0.6375 0.49375 0.028125 0.1
2 0.5953125 0.4890625 0.01875 0.0453125
2 0.60234375 0.434375 0.0234375 0.059375
2 0.653125 0.6109375 0.0375 0.11875
2 0.48046875 0.66953125 0.046875 0.1546875
2 0.40859375 0.7390625 0.0421875 0.1078125
2 0.31484375 0.64140625 0.0453125 0.1578125