3 0.41875 0.3421875 0.0375 0.1390625
3 0.8796875 0.7265625 0.053125 0.253125
1 0.37421875 0.384375 0.0515625 0.1625
2 0.578125 0.33671875 0.0328125 0.1140625
2 0.60859375 0.45234375 0.0421875 0.134375
2 0.6078125 0.38203125 0.03125 0.053125
2 0.61328125 0.33984375 0.025 0.0734375
2 0.64609375 0.4609375 0.0265625 0.153125
2 0.759375 0.54140625 0.0625 0.171875
2 0.7859375 0.38984375 0.0328125 0.1390625
2 0.43046875 0.64375 0.0546875 0.2140625
2 0.35390625 0.60625 0.0703125 0.190625
2 0.03828125 0.67421875 0.0625 0.2