2 0.053125 0.6140625 0.0640625 0.1953125
2 0.2953125 0.68203125 0.109375 0.1046875
2 0.3609375 0.66484375 0.06875 0.1328125
2 0.31953125 0.55390625 0.0765625 0.140625
2 0.559375 0.540625 0.0546875 0.1453125
2 0.67890625 0.43515625 0.046875 0.15625
2 0.7015625 0.37109375 0.034375 0.0828125
2 0.73359375 0.40703125 0.0359375 0.18125
2 0.77109375 0.43125 0.0296875 0.2
2 0.86328125 0.61015625 0.0546875 0.20625
2 0.96953125 0.37109375 0.040625 0.165625
2 0.62265625 0.28515625 0.034375 0.1125
1 0.36640625 0.40078125 0.0640625 0.171875
3 0.1921875 0.4640625 0.034375 0.16875