3 0.57734375 0.26015625 0.0296875 0.128125
3 0.03515625 0.75546875 0.05 0.2296875
2 0.4203125 0.5359375 0.0765625 0.14375
2 0.353125 0.478125 0.0375 0.1765625
2 0.60703125 0.590625 0.0484375 0.1765625
2 0.65859375 0.54375 0.05625 0.140625
2 0.45 0.42578125 0.0390625 0.1578125
2 0.39609375 0.3765625 0.0375 0.15625
2 0.3515625 0.33359375 0.0484375 0.15625
2 0.41796875 0.33046875 0.0375 0.1546875
2 0.4078125 0.27890625 0.034375 0.11875
2 0.48125 0.21015625 0.0265625 0.1109375
1 0.646875 0.36171875 0.0328125 0.14375