2 0.1734375 0.584375 0.0703125 0.1734375
2 0.29375 0.4625 0.04375 0.159375
2 0.33046875 0.4671875 0.0359375 0.1578125
2 0.3671875 0.44375 0.021875 0.13125
2 0.3921875 0.43984375 0.028125 0.1375
2 0.403125 0.38046875 0.0171875 0.1125
2 0.4296875 0.35078125 0.040625 0.1171875
2 0.44921875 0.56015625 0.0546875 0.1390625
2 0.4984375 0.54609375 0.046875 0.1515625
2 0.4390625 0.4875 0.0484375 0.096875
2 0.675 0.61953125 0.046875 0.190625
2 0.85859375 0.71171875 0.034375 0.2203125
3 0.125 0.70625 0.0578125 0.2390625
3 0.59921875 0.37109375 0.0203125 0.14375
1 0.6578125 0.440625 0.0359375 0.1640625