2 0.1234375 0.6578125 0.046875 0.2046875
2 0.31484375 0.56953125 0.040625 0.165625
2 0.475 0.5421875 0.0296875 0.1875
2 0.584375 0.46953125 0.0359375 0.16875
2 0.63984375 0.51328125 0.034375 0.1921875
2 0.671875 0.40546875 0.03125 0.15625
2 0.63125 0.3640625 0.021875 0.128125
2 0.87421875 0.35546875 0.0296875 0.159375
2 0.65390625 0.28046875 0.028125 0.1125
1 0.3421875 0.38828125 0.0375 0.1546875
3 0.42265625 0.303125 0.034375 0.125
3 0.834375 0.7671875 0.0609375 0.271875
2 0.8421875 0.60859375 0.0421875 0.209375
2 0.40625 0.7125 0.04453125 0.22734375
0 0.7703125 0.425 0.02109375 0.02578125