2 0.1 0.75 0.0734375 0.2
2 0.49765625 0.66171875 0.06875 0.1859375
2 0.43671875 0.50625 0.0484375 0.1359375
2 0.4921875 0.49609375 0.0765625 0.0703125
2 0.58359375 0.4453125 0.0515625 0.1546875
2 0.65078125 0.51875 0.04375 0.1484375
2 0.66796875 0.4765625 0.0296875 0.15
2 0.63828125 0.39140625 0.0328125 0.1265625
2 0.828125 0.5515625 0.0515625 0.203125
2 0.93203125 0.61796875 0.05625 0.2078125
2 0.75234375 0.8109375 0.059375 0.1734375
2 0.8078125 0.36015625 0.0265625 0.128125
3 0.4171875 0.38046875 0.0421875 0.1328125
1 0.3046875 0.49453125 0.1 0.1