2 0.4015625 0.59609375 0.0265625 0.1703125
2 0.42734375 0.48984375 0.0234375 0.14375
2 0.4578125 0.48671875 0.0375 0.11875
2 0.2859375 0.559375 0.03125 0.125
2 0.3140625 0.51328125 0.034375 0.115625
2 0.2125 0.57734375 0.0453125 0.1625
2 0.2515625 0.52734375 0.0390625 0.11875
2 0.2546875 0.4359375 0.0296875 0.09375
2 0.18046875 0.3734375 0.0484375 0.121875
2 0.10546875 0.44609375 0.040625 0.11875
2 0.09375 0.37734375 0.0296875 0.0875
3 0.428125 0.3625 0.034375 0.1109375
3 0.0859375 0.803125 0.1078125 0.2296875
1 0.584375 0.4296875 0.05 0.1