2 0.434375 0.65546875 0.0609375 0.16875
2 0.5578125 0.346875 0.0421875 0.15625
2 0.5734375 0.55625 0.0203125 0.1359375
2 0.625 0.478125 0.0390625 0.128125
2 0.65546875 0.42421875 0.034375 0.1453125
2 0.5796875 0.4671875 0.034375 0.090625
2 0.6203125 0.57890625 0.03125 0.1296875
2 0.65 0.59453125 0.0359375 0.1375
2 0.796875 0.54375 0.0375 0.1328125
2 0.8265625 0.35703125 0.046875 0.1
2 0.50390625 0.27578125 0.0375 0.1265625
1 0.31875 0.496875 0.0390625 0.1609375
3 0.31875 0.3625 0.0296875 0.1609375
3 0.9640625 0.87109375 0.0484375 0.2015625