3 0.20234375 0.5359375 0.0515625 0.1828125
2 0.03125 0.66875 0.0421875 0.196875
2 0.52109375 0.74765625 0.059375 0.2328125
2 0.3859375 0.65859375 0.046875 0.2109375
2 0.60546875 0.6296875 0.059375 0.1890625
2 0.628125 0.55703125 0.0390625 0.1703125
2 0.6015625 0.5203125 0.040625 0.1453125
2 0.70546875 0.50390625 0.053125 0.153125
2 0.678125 0.42421875 0.028125 0.15625
2 0.6921875 0.36328125 0.053125 0.1453125
2 0.8 0.4671875 0.0390625 0.153125
2 0.87578125 0.5078125 0.0390625 0.16875
1 0.371875 0.47421875 0.0515625 0.1625