2 0.14375 0.35078125 0.0328125 0.1203125
2 0.1875 0.52578125 0.0375 0.196875
2 0.3453125 0.378125 0.04375 0.1640625
2 0.41484375 0.3375 0.034375 0.1109375
2 0.43515625 0.27109375 0.021875 0.11875
2 0.40390625 0.46171875 0.04375 0.1609375
2 0.42734375 0.521875 0.025 0.18125
2 0.49609375 0.4859375 0.04375 0.16875
2 0.6109375 0.5671875 0.0421875 0.1859375
2 0.765625 0.56875 0.04375 0.1859375
2 0.9671875 0.61328125 0.0453125 0.2125
3 0.9296875 0.4609375 0.03125 0.1921875
1 0.715625 0.3875 0.0359375 0.153125
2 0.5421875 0.75859375 0.065625 0.228125