2 0.06640625 0.55703125 0.0515625 0.15
2 0.2390625 0.41328125 0.05625 0.1609375
2 0.259375 0.58203125 0.0609375 0.15625
2 0.29140625 0.521875 0.0375 0.2
2 0.32421875 0.52578125 0.0296875 0.2046875
2 0.38359375 0.67578125 0.0625 0.19375
2 0.4015625 0.6046875 0.0390625 0.203125
2 0.48359375 0.6203125 0.04375 0.2421875
2 0.54140625 0.61328125 0.040625 0.21875
2 0.57109375 0.55390625 0.04375 0.19375
2 0.340625 0.36875 0.0359375 0.115625
3 0.48671875 0.3984375 0.0515625 0.15625
1 0.63203125 0.49921875 0.109375 0.1953125