2 0.9875 0.6484375 0.025 0.20625
2 0.77890625 0.61796875 0.040625 0.2
2 0.69296875 0.63046875 0.065625 0.175
2 0.6203125 0.62109375 0.0890625 0.159375
2 0.5375 0.575 0.05625 0.184375
2 0.4703125 0.60625 0.0359375 0.1921875
2 0.309375 0.50703125 0.04375 0.16875
2 0.24765625 0.56328125 0.0640625 0.1828125
2 0.246875 0.51171875 0.040625 0.19375
2 0.4078125 0.3921875 0.0234375 0.1484375
2 0.50625 0.3234375 0.03125 0.1171875
1 0.696875 0.46015625 0.053125 0.1640625
3 0.840625 0.50625 0.0375 0.171875
2 0.1296875 0.53984375 0.04375 0.178125