1 0.8140625 0.39453125 0.034375 0.1828125
3 0.775 0.3296875 0.0296875 0.159375
3 0.12734375 0.659375 0.065625 0.21875
2 0.271875 0.35390625 0.0390625 0.1640625
2 0.36484375 0.38984375 0.0375 0.1734375
2 0.42421875 0.38125 0.028125 0.1265625
2 0.44609375 0.4171875 0.040625 0.1828125
2 0.534375 0.3171875 0.034375 0.1640625
2 0.63046875 0.221875 0.0328125 0.1453125
2 0.54296875 0.5515625 0.0515625 0.1703125
2 0.5421875 0.4375 0.0421875 0.1015625
2 0.59765625 0.51484375 0.04375 0.2
2 0.6859375 0.6453125 0.05625 0.20625
2 0.7359375 0.61796875 0.0671875 0.1765625
2 0.3640625 0.76484375 0.053125 0.28125