2 0.18046875 0.346875 0.0484375 0.128125
2 0.278125 0.6234375 0.0421875 0.1953125
2 0.3140625 0.453125 0.0640625 0.1625
2 0.42578125 0.34453125 0.0546875 0.1375
2 0.50234375 0.23515625 0.0359375 0.1421875
2 0.371875 0.6078125 0.0625 0.1375
2 0.425 0.56640625 0.0359375 0.14375
2 0.46328125 0.59609375 0.0484375 0.18125
2 0.590625 0.72109375 0.0828125 0.175
2 0.5984375 0.62734375 0.0921875 0.1515625
2 0.7515625 0.640625 0.0859375 0.1625
3 0.84921875 0.4875 0.0375 0.16875
1 0.71875 0.4140625 0.0515625 0.1515625
3 0.09296875 0.3859375 0.05 0.15625