2 0.20625 0.72265625 0.0578125 0.2234375
2 0.49296875 0.69140625 0.071875 0.23125
2 0.59140625 0.678125 0.0765625 0.18125
2 0.54375 0.609375 0.065625 0.2171875
2 0.63125 0.91953125 0.0703125 0.1609375
2 0.590625 0.45859375 0.0421875 0.1828125
2 0.6125 0.45625 0.034375 0.16875
2 0.628125 0.46796875 0.0171875 0.1828125
2 0.640625 0.49296875 0.0234375 0.2171875
2 0.65234375 0.36953125 0.034375 0.125
1 0.23125 0.45390625 0.040625 0.1578125
3 0.01953125 0.5796875 0.0265625 0.209375
2 0.53203125 0.2625 0.05 0.1328125