1 0.12421875 0.44375 0.05 0.140625
2 0.36875 0.66171875 0.040625 0.171875
2 0.50390625 0.71015625 0.0421875 0.1421875
2 0.67734375 0.8296875 0.046875 0.21875
2 0.79140625 0.58671875 0.0328125 0.1875
2 0.46953125 0.6421875 0.034375 0.1734375
2 0.47734375 0.553125 0.0234375 0.1359375
2 0.5390625 0.3875 0.0234375 0.1375
2 0.55234375 0.4390625 0.0234375 0.1515625
2 0.57578125 0.5 0.0265625 0.15625
2 0.61015625 0.48515625 0.0359375 0.1671875
2 0.6875 0.36484375 0.0453125 0.103125
2 0.75 0.3640625 0.025 0.1203125
3 0.94921875 0.76796875 0.0796875 0.18125
3 0.43125 0.3828125 0.0328125 0.121875