1 0.403125 0.56328125 0.034375 0.1203125
3 0.49375 0.50234375 0.025 0.115625
3 0.91328125 0.8859375 0.0390625 0.2078125
2 0.44921875 0.75 0.053125 0.1640625
2 0.54765625 0.74765625 0.046875 0.1875
2 0.56796875 0.64609375 0.0265625 0.140625
2 0.5953125 0.63125 0.028125 0.1671875
2 0.6765625 0.59453125 0.025 0.140625
2 0.73125 0.6046875 0.034375 0.1265625
2 0.7328125 0.55703125 0.025 0.1140625
2 0.771875 0.61796875 0.01875 0.159375
2 0.7890625 0.55625 0.0375 0.125
2 0.59765625 0.46328125 0.0265625 0.1140625
2 0.015625 0.740625 0.03125 0.15390625