2 0.23046875 0.7609375 0.084375 0.21875
2 0.33984375 0.6859375 0.034375 0.175
2 0.396875 0.6515625 0.0609375 0.1953125
2 0.4609375 0.67890625 0.05625 0.1640625
2 0.575 0.61328125 0.0484375 0.1640625
2 0.60234375 0.53515625 0.0671875 0.1484375
2 0.64140625 0.4921875 0.0421875 0.1515625
2 0.70546875 0.47890625 0.04375 0.1328125
2 0.815625 0.63671875 0.059375 0.1734375
2 0.5796875 0.3953125 0.0359375 0.109375
2 0.5953125 0.35859375 0.0328125 0.1125
1 0.32890625 0.53203125 0.0625 0.140625
3 0.21640625 0.55703125 0.0421875 0.165625
2 0.971875 0.43203125 0.028125 0.1484375
0 0.40859375 0.57421875 0.01875 0.0234375