3 0.89453125 0.7984375 0.05 0.3046875
3 0.3015625 0.2765625 0.0296875 0.1421875
1 0.1546875 0.38984375 0.040625 0.175
2 0.090625 0.57734375 0.075 0.2171875
2 0.29453125 0.56015625 0.06875 0.23125
2 0.3375 0.78203125 0.06875 0.284375
2 0.4703125 0.43984375 0.034375 0.2078125
2 0.52109375 0.38984375 0.0359375 0.19375
2 0.56953125 0.40625 0.03125 0.175
2 0.85078125 0.6421875 0.06875 0.246875
2 0.78359375 0.34375 0.034375 0.1734375
2 0.68203125 0.33984375 0.03125 0.1578125
2 0.4328125 0.2375 0.021875 0.1390625