2 0.72421875 0.69609375 0.040625 0.221875
1 0.775 0.49921875 0.0359375 0.178125
3 0.32265625 0.81328125 0.0515625 0.228125
3 0.71171875 0.390625 0.034375 0.1390625
2 0.475 0.56484375 0.0375 0.16875
2 0.496875 0.540625 0.025 0.190625
2 0.40546875 0.53046875 0.0453125 0.159375
2 0.35390625 0.58984375 0.053125 0.1640625
2 0.3109375 0.5453125 0.0453125 0.15625
2 0.19296875 0.534375 0.0484375 0.1796875
2 0.41953125 0.5046875 0.028125 0.1796875
2 0.37578125 0.4921875 0.0453125 0.1578125
2 0.403125 0.43671875 0.03125 0.1359375
2 0.39609375 0.340625 0.03125 0.153125
0 0.23984375 0.4875 0.0125 0.01875