2 0.36015625 0.325 0.065625 0.1453125
2 0.375 0.49765625 0.0578125 0.1765625
2 0.52265625 0.40625 0.0421875 0.1421875
2 0.575 0.4515625 0.0390625 0.165625
2 0.62109375 0.35859375 0.0484375 0.146875
2 0.7359375 0.40390625 0.0578125 0.165625
2 0.7203125 0.2921875 0.0390625 0.0984375
2 0.84296875 0.79453125 0.059375 0.2296875
2 0.47109375 0.74375 0.078125 0.1796875
2 0.34921875 0.8734375 0.0671875 0.21875
2 0.3984375 0.88984375 0.0421875 0.2203125
2 0.76796875 0.90625 0.059375 0.1875
3 0.0953125 0.68671875 0.075 0.2078125
1 0.13671875 0.43359375 0.0546875 0.1859375
3 0.92265625 0.2296875 0.0578125 0.121875