1 0.215625 0.5015625 0.0296875 0.1546875
3 0.01796875 0.6109375 0.0296875 0.1640625
3 0.875 0.5421875 0.0296875 0.15625
2 0.546875 0.89140625 0.040625 0.203125
2 0.11796875 0.7296875 0.0328125 0.1828125
2 0.4203125 0.65703125 0.03125 0.1875
2 0.48984375 0.57578125 0.0609375 0.1265625
2 0.6421875 0.59140625 0.0453125 0.1328125
2 0.7328125 0.44296875 0.0359375 0.1390625
2 0.53984375 0.59375 0.0515625 0.109375
2 0.5203125 0.546875 0.0234375 0.1125
2 0.53359375 0.47109375 0.0265625 0.128125
2 0.52265625 0.3921875 0.0234375 0.1296875
2 0.51328125 0.35234375 0.025 0.115625