1 0.1171875 0.4625 0.0328125 0.1640625
3 0.85703125 0.46796875 0.04375 0.1515625
2 0.79140625 0.66328125 0.04375 0.2046875
2 0.5328125 0.84609375 0.0609375 0.2203125
2 0.3609375 0.78984375 0.0765625 0.2125
2 0.3734375 0.66171875 0.0515625 0.153125
2 0.45625 0.59140625 0.053125 0.1796875
2 0.2015625 0.6640625 0.053125 0.1703125
2 0.403125 0.496875 0.0515625 0.134375
2 0.4296875 0.44296875 0.0390625 0.1421875
2 0.4578125 0.42265625 0.0265625 0.1421875
2 0.50234375 0.40546875 0.04375 0.140625
2 0.60625 0.3625 0.0390625 0.1109375
2 0.86875 0.390625 0.0359375 0.1265625