1 0.3328125 0.365625 0.028125 0.1390625
3 0.35234375 0.30390625 0.034375 0.121875
2 0.2515625 0.53046875 0.0515625 0.1765625
2 0.45 0.4890625 0.040625 0.1703125
2 0.82890625 0.59296875 0.06875 0.1828125
2 0.5359375 0.66484375 0.05625 0.1875
2 0.59921875 0.4640625 0.0359375 0.14375
2 0.73046875 0.3140625 0.0453125 0.1140625
2 0.66640625 0.390625 0.046875 0.14375
2 0.56953125 0.36015625 0.0359375 0.109375
2 0.5890625 0.365625 0.021875 0.1125
2 0.60859375 0.3875 0.0265625 0.09375
0 0.740625 0.3078125 0.01171875 0.0171875