3 0.1078125 0.665625 0.0484375 0.1875
1 0.35859375 0.525 0.0375 0.128125
2 0.440625 0.678125 0.0375 0.16875
2 0.4609375 0.6953125 0.040625 0.1609375
2 0.53515625 0.6234375 0.0453125 0.165625
2 0.78984375 0.69609375 0.0390625 0.2125
2 0.82890625 0.690625 0.0328125 0.1953125
2 0.64609375 0.5890625 0.034375 0.178125
2 0.5890625 0.565625 0.0328125 0.1296875
2 0.5578125 0.50390625 0.0296875 0.1203125
2 0.6 0.5046875 0.0171875 0.0765625
2 0.5265625 0.465625 0.0265625 0.0875
2 0.54296875 0.91796875 0.0515625 0.1640625