2 0.10546875 0.41796875 0.0390625 0.1609375
2 0.15546875 0.5296875 0.046875 0.15625
2 0.3203125 0.42578125 0.040625 0.1734375
2 0.353125 0.51953125 0.0390625 0.165625
2 0.4265625 0.3578125 0.0359375 0.1296875
2 0.4953125 0.27890625 0.025 0.11875
2 0.546875 0.60703125 0.0734375 0.196875
2 0.6015625 0.61953125 0.028125 0.1875
2 0.63203125 0.65390625 0.05 0.1921875
2 0.715625 0.76015625 0.0515625 0.2140625
2 0.7640625 0.8796875 0.05625 0.2234375
2 0.55625 0.871875 0.0578125 0.2375
3 0.97421875 0.5578125 0.040625 0.1796875
1 0.7 0.44296875 0.0578125 0.1640625