2 0.290625 0.38046875 0.0421875 0.15
3 0.159375 0.68046875 0.0515625 0.2609375
2 0.3 0.59140625 0.0609375 0.2046875
2 0.42734375 0.5796875 0.0671875 0.18125
2 0.415625 0.4109375 0.046875 0.1625
2 0.47890625 0.42890625 0.034375 0.209375
2 0.51328125 0.44375 0.0359375 0.1921875
2 0.5578125 0.2703125 0.03125 0.1703125
2 0.57265625 0.31171875 0.03125 0.13125
2 0.55703125 0.67421875 0.04375 0.2234375
2 0.57578125 0.87578125 0.059375 0.2484375
2 0.8390625 0.65390625 0.0578125 0.221875
3 0.7609375 0.325 0.028125 0.165625
1 0.834375 0.42421875 0.040625 0.175