2 0.20390625 0.6375 0.046875 0.221875
2 0.29296875 0.4765625 0.0359375 0.1640625
2 0.2171875 0.3640625 0.0296875 0.1625
2 0.50859375 0.5328125 0.046875 0.1625
2 0.5375 0.52578125 0.0359375 0.190625
2 0.70078125 0.5859375 0.040625 0.184375
2 0.825 0.6796875 0.0421875 0.2
2 0.35859375 0.3734375 0.0375 0.1078125
2 0.38203125 0.39375 0.03125 0.1234375
2 0.39765625 0.36875 0.0234375 0.1390625
2 0.4140625 0.39296875 0.034375 0.159375
1 0.67421875 0.4109375 0.028125 0.1625
3 0.634375 0.3578125 0.0234375 0.1296875