2 0.20546875 0.60546875 0.0796875 0.2375
2 0.4 0.7 0.0890625 0.2625
2 0.43828125 0.50625 0.05 0.2578125
2 0.5 0.50234375 0.0578125 0.2640625
2 0.546875 0.48515625 0.0515625 0.2671875
2 0.821875 0.51328125 0.078125 0.2390625
2 0.74375 0.325 0.0515625 0.228125
2 0.63125 0.39296875 0.04375 0.2046875
2 0.58984375 0.32734375 0.0546875 0.1484375
2 0.47890625 0.21796875 0.0375 0.1609375
3 0.9765625 0.82734375 0.046875 0.3359375
3 0.2765625 0.2875 0.059375 0.1875
1 0.2171875 0.3640625 0.0453125 0.221875