1 0.68828125 0.45703125 0.0421875 0.1328125
3 0.046875 0.51953125 0.0328125 0.140625
3 0.8546875 0.553125 0.034375 0.1609375
2 0.98984375 0.68671875 0.0203125 0.1765625
2 0.5515625 0.32890625 0.0203125 0.1140625
2 0.4109375 0.50390625 0.0375 0.115625
2 0.43125 0.43359375 0.01875 0.053125
2 0.44296875 0.5203125 0.0234375 0.1328125
2 0.4609375 0.50234375 0.040625 0.1203125
2 0.4546875 0.440625 0.034375 0.078125
2 0.4734375 0.39921875 0.034375 0.1125
2 0.33828125 0.39921875 0.046875 0.128125
2 0.54453125 0.70234375 0.05625 0.16875
2 0.5609375 0.58828125 0.04375 0.1359375
2 0.740625 0.63671875 0.034375 0.165625