2 0.26015625 0.73984375 0.08125 0.228125
2 0.44375 0.6578125 0.040625 0.2234375
2 0.6015625 0.55625 0.0359375 0.1875
2 0.64375 0.57265625 0.0296875 0.1640625
2 0.67265625 0.53046875 0.028125 0.171875
2 0.69140625 0.49765625 0.0390625 0.1625
2 0.6140625 0.3890625 0.0265625 0.153125
2 0.65 0.44296875 0.0359375 0.0859375
2 0.834375 0.4234375 0.04375 0.15
2 0.5390625 0.2953125 0.040625 0.128125
3 0.06953125 0.56875 0.0390625 0.1828125
1 0.346875 0.46484375 0.0421875 0.175
2 0.44296875 0.91484375 0.071875 0.1703125