3 0.15625 0.5296875 0.0453125 0.1671875
1 0.36875 0.4875 0.0484375 0.1359375
2 0.21953125 0.671875 0.0890625 0.1484375
2 0.4109375 0.71015625 0.046875 0.20625
2 0.44296875 0.7703125 0.0421875 0.240625
2 0.52734375 0.6234375 0.0515625 0.159375
2 0.57265625 0.52890625 0.0328125 0.128125
2 0.48671875 0.5671875 0.034375 0.190625
2 0.615625 0.3796875 0.0359375 0.134375
2 0.5546875 0.31015625 0.0234375 0.1171875
2 0.77890625 0.51328125 0.0328125 0.159375
2 0.73125 0.63984375 0.0484375 0.175
2 0.88359375 0.76796875 0.078125 0.228125