2 0.08359375 0.759375 0.071875 0.2046875
2 0.36953125 0.67421875 0.0390625 0.178125
2 0.5484375 0.63515625 0.0328125 0.178125
2 0.584375 0.6296875 0.03125 0.171875
2 0.59375 0.5578125 0.0421875 0.0984375
2 0.6140625 0.49453125 0.0234375 0.11875
2 0.64296875 0.52109375 0.034375 0.1390625
2 0.7453125 0.76796875 0.0359375 0.228125
2 0.74453125 0.63671875 0.0421875 0.1578125
2 0.74375 0.52265625 0.040625 0.1265625
3 0.89765625 0.64609375 0.0296875 0.178125
2 0.640625 0.434375 0.0328125 0.0734375
3 0.48203125 0.4609375 0.0234375 0.115625
1 0.36171875 0.52890625 0.034375 0.13125