2 0.2328125 0.584375 0.0328125 0.1875
2 0.2625 0.79296875 0.07421875 0.20234375
2 0.36953125 0.74921875 0.0640625 0.203125
2 0.65 0.49921875 0.0328125 0.1625
2 0.6234375 0.44375 0.0296875 0.16875
2 0.653125 0.45390625 0.028125 0.1421875
2 0.615625 0.34375 0.0265625 0.146875
2 0.94375 0.64453125 0.0390625 0.196875
2 0.3359375 0.35546875 0.0328125 0.15625
2 0.2484375 0.328125 0.028125 0.1375
3 0.17734375 0.328125 0.0328125 0.134375
2 0.721875 0.23515625 0.0234375 0.115625
1 0.903125 0.43203125 0.0375 0.1640625
0 0.209375 0.53125 0.0125 0.01953125