2 0.20703125 0.51328125 0.0375 0.1671875
2 0.36875 0.41171875 0.046875 0.1171875
2 0.41640625 0.509375 0.0265625 0.1421875
2 0.440625 0.546875 0.028125 0.1125
2 0.4546875 0.44921875 0.03125 0.084375
2 0.50234375 0.3875 0.028125 0.1125
2 0.43359375 0.4171875 0.021875 0.071875
2 0.465625 0.62578125 0.0328125 0.1609375
2 0.4765625 0.5984375 0.0375 0.1328125
2 0.69609375 0.66796875 0.0515625 0.1703125
2 0.86953125 0.74375 0.0390625 0.1796875
2 0.50390625 0.834375 0.0625 0.1984375
2 0.54296875 0.32109375 0.0203125 0.1125
3 0.859375 0.54765625 0.034375 0.146875
3 0.03671875 0.471875 0.0390625 0.1296875
1 0.69765625 0.46796875 0.04375 0.1671875