2 0.28203125 0.221875 0.0484375 0.165625
2 0.1828125 0.490625 0.0703125 0.2375
3 0.475 0.753125 0.08125 0.284375
2 0.625 0.8546875 0.065625 0.290625
2 0.48984375 0.421875 0.0578125 0.24375
2 0.50625 0.234375 0.0328125 0.20625
2 0.51328125 0.29296875 0.040625 0.1765625
2 0.54375 0.26171875 0.025 0.16875
2 0.69921875 0.50234375 0.046875 0.25
2 0.7203125 0.57890625 0.034375 0.2171875
2 0.74609375 0.559375 0.0390625 0.2515625
3 0.7984375 0.21875 0.0640625 0.2078125
1 0.921875 0.3375 0.0421875 0.228125