1 0.1875 0.40234375 0.0625 0.2125
3 0.06015625 0.50234375 0.04375 0.215625
3 0.86171875 0.478125 0.053125 0.209375
2 0.10703125 0.81015625 0.065625 0.271875
2 0.47734375 0.821875 0.078125 0.284375
2 0.6875 0.625 0.06875 0.2328125
2 0.72578125 0.3671875 0.0546875 0.1828125
2 0.58046875 0.38828125 0.028125 0.190625
2 0.62109375 0.41171875 0.0515625 0.1875
2 0.56796875 0.246875 0.0421875 0.153125
2 0.50234375 0.30625 0.0328125 0.16875
2 0.5296875 0.41953125 0.0390625 0.1875
2 0.51640625 0.55390625 0.1 0.2015625
2 0.378125 0.56875 0.0703125 0.25625
2 0.2359375 0.6546875 0.0640625 0.2421875