1 0.62109375 0.40625 0.0375 0.128125
3 0.7828125 0.45546875 0.046875 0.1640625
2 0.07890625 0.40234375 0.0484375 0.1265625
2 0.1640625 0.47109375 0.0546875 0.1609375
2 0.253125 0.46796875 0.0734375 0.1546875
2 0.30859375 0.484375 0.0328125 0.1546875
2 0.34453125 0.48671875 0.0265625 0.1359375
2 0.50078125 0.540625 0.05 0.17109375
2 0.62734375 0.53671875 0.059375 0.1546875
2 0.3125 0.3859375 0.0296875 0.103125
2 0.3828125 0.35234375 0.034375 0.128125
2 0.44375 0.30859375 0.0234375 0.0953125
2 0.9703125 0.56875 0.0375 0.1453125
2 0.40703125 0.76015625 0.04921875 0.203125