1 0.6234375 0.53671875 0.0359375 0.1109375
3 0.12734375 0.590625 0.0390625 0.1375
3 0.76953125 0.58203125 0.025 0.1234375
2 0.284375 0.51953125 0.0234375 0.1203125
2 0.3765625 0.5328125 0.0390625 0.10625
2 0.396875 0.5953125 0.0296875 0.1203125
2 0.421875 0.62890625 0.021875 0.125
2 0.4609375 0.6203125 0.0328125 0.125
2 0.49140625 0.621875 0.0453125 0.125
2 0.5546875 0.64140625 0.0546875 0.121875
2 0.625 0.74296875 0.040625 0.15
2 0.6640625 0.6875 0.04375 0.1203125
2 0.9546875 0.66640625 0.028125 0.14375
2 0.39921875 0.49453125 0.015625 0.08125
2 0.41640625 0.503125 0.034375 0.08125
2 0.4703125 0.446875 0.021875 0.075