2 0.17421875 0.5453125 0.0515625 0.1828125
2 0.46875 0.634375 0.0546875 0.1765625
2 0.68515625 0.55859375 0.040625 0.1953125
2 0.8921875 0.61328125 0.0625 0.1703125
2 0.48515625 0.49921875 0.0421875 0.1734375
2 0.37734375 0.49296875 0.053125 0.134375
2 0.40078125 0.48359375 0.034375 0.134375
2 0.32890625 0.42109375 0.03125 0.134375
2 0.36953125 0.4515625 0.0234375 0.0875
2 0.40078125 0.403125 0.025 0.08125
2 0.31171875 0.375 0.0234375 0.1234375
2 0.29140625 0.328125 0.025 0.1046875
3 0.53125 0.31875 0.0359375 0.1390625
3 0.0171875 0.71640625 0.034375 0.215625
2 0.62421875 0.3984375 0.05 0.134375