3 0.03203125 0.6875 0.0375 0.2125
3 0.63125 0.3625 0.0265625 0.1546875
1 0.67734375 0.42265625 0.0390625 0.1390625
2 0.55390625 0.60625 0.0625 0.1609375
2 0.46015625 0.640625 0.040625 0.1609375
2 0.48828125 0.540625 0.034375 0.178125
2 0.41171875 0.503125 0.0375 0.1546875
2 0.35546875 0.521875 0.040625 0.1671875
2 0.36015625 0.45390625 0.0375 0.1453125
2 0.33671875 0.425 0.03125 0.11875
2 0.40546875 0.3671875 0.0296875 0.1359375
2 0.2390625 0.37109375 0.04375 0.13125
2 0.521875 0.30390625 0.0265625 0.1203125