3 0.1234375 0.7015625 0.0296875 0.184375
3 0.846875 0.4984375 0.0359375 0.1453125
1 0.6953125 0.45 0.0328125 0.125
2 0.71640625 0.60703125 0.04375 0.15
2 0.79375 0.69921875 0.034375 0.1984375
2 0.55625 0.65 0.084375 0.0984375
2 0.55 0.58203125 0.03125 0.1828125
2 0.45546875 0.578125 0.053125 0.140625
2 0.4234375 0.53515625 0.0421875 0.1234375
2 0.36796875 0.62890625 0.0453125 0.16875
2 0.34140625 0.4578125 0.040625 0.10625
2 0.4171875 0.4109375 0.0234375 0.10625
2 0.4328125 0.36171875 0.034375 0.096875
2 0.1921875 0.4328125 0.0328125 0.109375
2 0.146875 0.53984375 0.034375 0.1515625