2 0.1453125 0.690625 0.0453125 0.1875
2 0.325 0.66796875 0.0359375 0.196875
2 0.328125 0.5359375 0.0421875 0.140625
2 0.3265625 0.4515625 0.034375 0.1328125
2 0.384375 0.45546875 0.0328125 0.159375
2 0.36796875 0.4046875 0.0265625 0.1421875
2 0.5078125 0.44140625 0.034375 0.13125
2 0.44765625 0.81640625 0.05 0.2078125
2 0.62578125 0.82421875 0.059375 0.2078125
2 0.71484375 0.7921875 0.0109375 0.015625
2 0.80859375 0.628125 0.0390625 0.196875
3 0.8546875 0.4515625 0.034375 0.1296875
2 0.84140625 0.3703125 0.021875 0.125
2 0.65703125 0.378125 0.0359375 0.1453125
1 0.0234375 0.4734375 0.046875 0.1625