2 0.11796875 0.55703125 0.084375 0.1890625
2 0.1953125 0.4265625 0.071875 0.1359375
2 0.21015625 0.3390625 0.0640625 0.0921875
2 0.146875 0.9375 0.08125 0.125
2 0.2859375 0.834375 0.0828125 0.190625
2 0.60390625 0.94296875 0.0890625 0.1140625
2 0.5125 0.75390625 0.0859375 0.2296875
2 0.45390625 0.684375 0.0484375 0.128125
2 0.28359375 0.715625 0.071875 0.1453125
2 0.240625 0.6484375 0.059375 0.1859375
2 0.20859375 0.59453125 0.0546875 0.190625
3 0.478125 0.35078125 0.0609375 0.1328125
1 0.684375 0.48203125 0.078125 0.1046875