2 0.29375 0.684375 0.053125 0.190625
2 0.546875 0.5703125 0.0328125 0.1859375
2 0.53125 0.51796875 0.01875 0.0953125
2 0.60546875 0.5453125 0.053125 0.16875
2 0.665625 0.59296875 0.04375 0.190625
2 0.7 0.64765625 0.046875 0.128125
2 0.81328125 0.584375 0.046875 0.165625
2 0.85078125 0.40078125 0.05 0.1578125
2 0.64296875 0.45 0.046875 0.1375
2 0.6515625 0.36640625 0.0390625 0.075
2 0.596875 0.390625 0.040625 0.1671875
2 0.4515625 0.9015625 0.06875 0.1890625
3 0.88359375 0.84921875 0.05 0.2140625
3 0.3890625 0.31171875 0.0375 0.153125
1 0.30390625 0.4328125 0.0515625 0.1484375