1 0.4734375 0.4984375 0.05 0.1421875
3 0.26484375 0.55703125 0.0390625 0.1546875
2 0.0515625 0.675 0.053125 0.1921875
2 0.3578125 0.67265625 0.046875 0.2125
2 0.41171875 0.66640625 0.03125 0.2109375
2 0.54453125 0.65546875 0.034375 0.203125
2 0.54453125 0.84140625 0.078125 0.2421875
2 0.7015625 0.58984375 0.0390625 0.1578125
2 0.6796875 0.53828125 0.03125 0.0890625
2 0.72109375 0.52734375 0.065625 0.08125
2 0.67265625 0.45703125 0.0359375 0.0921875
2 0.765625 0.4953125 0.0375 0.10625
2 0.9078125 0.62265625 0.0484375 0.1671875
2 0.6171875 0.425 0.0203125 0.0765625