2 0.3203125 0.7875 0.0828125 0.2578125
2 0.53515625 0.671875 0.046875 0.24375
2 0.553125 0.7609375 0.046875 0.240625
2 0.64921875 0.73984375 0.0578125 0.2390625
2 0.615625 0.62109375 0.0578125 0.190625
2 0.7203125 0.52109375 0.0421875 0.2203125
2 0.8078125 0.53359375 0.0359375 0.2078125
2 0.76328125 0.459375 0.0359375 0.2109375
2 0.78671875 0.43046875 0.040625 0.10625
2 0.69453125 0.40859375 0.034375 0.16875
2 0.62734375 0.38203125 0.0609375 0.1890625
1 0.46015625 0.46796875 0.0484375 0.2171875
3 0.4828125 0.38671875 0.0359375 0.14375