3 0.05078125 0.52421875 0.0578125 0.190625
2 0.2578125 0.42890625 0.0390625 0.1515625
2 0.40859375 0.43984375 0.0328125 0.1296875
2 0.44140625 0.43359375 0.03125 0.1796875
2 0.465625 0.46484375 0.0421875 0.1609375
2 0.53359375 0.36875 0.028125 0.1640625
2 0.6140625 0.3109375 0.0265625 0.15
2 0.64609375 0.54140625 0.0359375 0.1734375
2 0.665625 0.5625 0.021875 0.2296875
2 0.684375 0.60390625 0.034375 0.20625
2 0.9328125 0.63125 0.0390625 0.21875
2 0.7640625 0.828125 0.0515625 0.3015625
1 0.8375 0.4234375 0.0390625 0.1625