2 0.30703125 0.8703125 0.109375 0.259375
2 0.02578125 0.60546875 0.04375 0.20625
2 0.29921875 0.57265625 0.0625 0.1640625
2 0.3984375 0.57109375 0.0421875 0.1875
2 0.53984375 0.61796875 0.0390625 0.2109375
2 0.809375 0.63515625 0.0578125 0.165625
2 0.97109375 0.65859375 0.046875 0.1828125
2 0.4109375 0.525 0.0296875 0.1640625
2 0.31640625 0.48125 0.0203125 0.1453125
2 0.36015625 0.459375 0.034375 0.1
2 0.42734375 0.48828125 0.0375 0.128125
3 0.86484375 0.53984375 0.028125 0.1546875
1 0.61328125 0.4875 0.0421875 0.1515625