2 0.190625 0.396875 0.0375 0.1125
2 0.3515625 0.45390625 0.046875 0.1046875
2 0.359375 0.5671875 0.06875 0.1390625
2 0.409375 0.5140625 0.0453125 0.1234375
2 0.44296875 0.5625 0.0390625 0.1625
2 0.41640625 0.4421875 0.0375 0.08125
2 0.37890625 0.3859375 0.028125 0.109375
2 0.43515625 0.28125 0.0265625 0.1078125
2 0.5453125 0.74921875 0.0609375 0.2125
2 0.61796875 0.61640625 0.0546875 0.1625
2 0.98515625 0.6328125 0.0296875 0.1875
3 0.8078125 0.5 0.0265625 0.15625
1 0.63984375 0.41875 0.04375 0.1265625