2 0.0625 0.5015625 0.0546875 0.1671875
2 0.13359375 0.37421875 0.0265625 0.115625
2 0.30234375 0.42421875 0.03125 0.140625
2 0.33046875 0.4796875 0.021875 0.1484375
2 0.44921875 0.52421875 0.040625 0.15625
2 0.5609375 0.528125 0.03125 0.140625
2 0.359375 0.37578125 0.028125 0.1046875
2 0.34765625 0.3453125 0.0265625 0.0984375
2 0.38671875 0.3453125 0.0171875 0.0984375
2 0.43671875 0.3 0.0234375 0.0921875
3 0.85 0.4828125 0.0359375 0.1734375
1 0.6046875 0.39375 0.04375 0.128125
2 0.44140625 0.74609375 0.0484375 0.2109375