2 0.25 0.8171875 0.0859375 0.2125
2 0.271875 0.740625 0.1234375 0.0984375
2 0.39765625 0.790625 0.0640625 0.1921875
2 0.53828125 0.675 0.05 0.1953125
2 0.73515625 0.70859375 0.0671875 0.2140625
2 0.73359375 0.59140625 0.0515625 0.178125
2 0.8171875 0.58125 0.04375 0.1953125
2 0.94765625 0.72265625 0.0546875 0.23125
2 0.9359375 0.55234375 0.0625 0.175
2 0.70546875 0.446875 0.034375 0.1421875
2 0.64296875 0.3796875 0.0421875 0.1296875
1 0.40625 0.62890625 0.05625 0.1734375
3 0.2625 0.5953125 0.0546875 0.1734375