2 0.05625 0.6125 0.0484375 0.159375
2 0.27734375 0.61484375 0.0625 0.1375
2 0.40390625 0.54921875 0.046875 0.153125
2 0.3453125 0.4296875 0.03125 0.115625
2 0.41171875 0.37109375 0.0296875 0.115625
2 0.5171875 0.33984375 0.028125 0.090625
2 0.56484375 0.51875 0.0375 0.125
2 0.6453125 0.73203125 0.034375 0.1796875
2 0.7453125 0.709375 0.0453125 0.15625
2 0.325 0.83828125 0.0453125 0.1765625
3 0.91953125 0.72890625 0.0578125 0.1609375
3 0.25703125 0.31875 0.046875 0.0859375
1 0.059375 0.4453125 0.0625 0.128125