2 0.06328125 0.52265625 0.0359375 0.178125
2 0.25546875 0.47578125 0.05 0.196875
2 0.3828125 0.48828125 0.0484375 0.15
2 0.3875 0.44609375 0.0328125 0.1453125
2 0.44765625 0.403125 0.0359375 0.128125
2 0.46484375 0.4171875 0.025 0.1609375
2 0.3453125 0.7296875 0.059375 0.2265625
2 0.56796875 0.6328125 0.0484375 0.1984375
2 0.5234375 0.521875 0.05 0.140625
2 0.54765625 0.5078125 0.03125 0.1671875
2 0.81640625 0.6375 0.0578125 0.1890625
2 0.96875 0.70703125 0.0578125 0.2109375
1 0.7765625 0.47578125 0.0515625 0.1640625
3 0.1609375 0.7953125 0.06875 0.234375