1 0.37890625 0.52890625 0.028125 0.0875
2 0.3046875 0.62890625 0.0328125 0.1140625
3 0.296875 0.54765625 0.021875 0.078125
3 0.8390625 0.59140625 0.028125 0.1078125
2 0.1515625 0.625 0.028125 0.0765625
2 0.5125 0.771875 0.0296875 0.1359375
2 0.50390625 0.6625 0.0265625 0.121875
2 0.57890625 0.60703125 0.0234375 0.0984375
2 0.690625 0.64375 0.0328125 0.10625
2 0.69296875 0.5203125 0.01875 0.084375
2 0.55 0.53984375 0.03125 0.078125
2 0.5875 0.53515625 0.0234375 0.078125
2 0.6078125 0.52578125 0.0296875 0.08125
2 0.5609375 0.4921875 0.021875 0.0703125
2 0.5265625 0.4703125 0.021875 0.05625