3 0.034375 0.49296875 0.03125 0.15625
3 0.95234375 0.5859375 0.025 0.165625
1 0.7296875 0.475 0.0390625 0.1546875
2 0.72421875 0.70859375 0.040625 0.1828125
2 0.521875 0.6140625 0.040625 0.1515625
2 0.4796875 0.60390625 0.0421875 0.14375
2 0.465625 0.5578125 0.03125 0.14375
2 0.44375 0.5015625 0.0421875 0.1421875
2 0.38828125 0.446875 0.040625 0.13125
2 0.30390625 0.5578125 0.034375 0.1375
2 0.3203125 0.584375 0.0453125 0.13125
2 0.20625 0.35703125 0.034375 0.109375
2 0.4828125 0.36953125 0.0265625 0.1125
2 0.5328125 0.2953125 0.0265625 0.115625