2 0.20546875 0.6640625 0.040625 0.178125
2 0.01484375 0.7640625 0.0296875 0.209375
2 0.39765625 0.5734375 0.0453125 0.1796875
2 0.4171875 0.5203125 0.0359375 0.1359375
2 0.4421875 0.6015625 0.0546875 0.1796875
2 0.45078125 0.8171875 0.053125 0.20625
2 0.5484375 0.47421875 0.0390625 0.128125
2 0.509375 0.43359375 0.0546875 0.1296875
2 0.4796875 0.41015625 0.040625 0.1453125
2 0.565625 0.42265625 0.0421875 0.1359375
2 0.63359375 0.4359375 0.0359375 0.134375
1 0.20625 0.46015625 0.040625 0.1421875
3 0.26171875 0.39140625 0.025 0.134375
3 0.70078125 0.72421875 0.0484375 0.18125
0 0.62421875 0.4140625 0.00546875 0.0140625