2 0.590625 0.3265625 0.0234375 0.140625
2 0.50859375 0.26171875 0.0296875 0.13125
2 0.725 0.36328125 0.0265625 0.153125
2 0.7890625 0.3390625 0.0390625 0.1484375
2 0.89453125 0.459375 0.0484375 0.1671875
2 0.63125 0.45546875 0.05625 0.1890625
2 0.53125 0.49140625 0.0328125 0.2015625
2 0.57265625 0.5125 0.04375 0.190625
2 0.37421875 0.6140625 0.0390625 0.2203125
2 0.4078125 0.76640625 0.059375 0.259375
3 0.90703125 0.67890625 0.0484375 0.2546875
3 0.38046875 0.32890625 0.046875 0.1515625
1 0.31875 0.39375 0.04375 0.184375