3 0.12109375 0.590625 0.0296875 0.121875
3 0.7734375 0.58671875 0.0171875 0.1265625
1 0.61796875 0.5296875 0.0234375 0.1078125
2 0.46953125 0.45625 0.0171875 0.0796875
2 0.96328125 0.671875 0.0203125 0.146875
2 0.678125 0.65078125 0.028125 0.1328125
2 0.60625 0.7140625 0.03125 0.153125
2 0.57265625 0.646875 0.04375 0.1265625
2 0.52109375 0.6296875 0.03125 0.125
2 0.46484375 0.59921875 0.03125 0.134375
2 0.41484375 0.5125 0.0234375 0.09375
2 0.39453125 0.5046875 0.01875 0.1
2 0.35390625 0.59609375 0.025 0.1140625
2 0.3796875 0.5515625 0.028125 0.10625
2 0.33125 0.54296875 0.0265625 0.109375
2 0.31015625 0.6046875 0.0234375 0.1125