2 0.1765625 0.6796875 0.053125 0.175
2 0.32109375 0.66953125 0.05 0.16875
2 0.42578125 0.8046875 0.0328125 0.1734375
2 0.41796875 0.75078125 0.0703125 0.0984375
2 0.46015625 0.67734375 0.034375 0.18125
2 0.54296875 0.68984375 0.034375 0.1875
2 0.59140625 0.646875 0.046875 0.2015625
2 0.52734375 0.6109375 0.0328125 0.103125
2 0.76015625 0.4515625 0.028125 0.096875
2 0.79296875 0.49921875 0.0359375 0.121875
2 0.87265625 0.57109375 0.05 0.1578125
1 0.50234375 0.55078125 0.046875 0.13125
3 0.3640625 0.5703125 0.0375 0.1484375