3 0.93984375 0.596875 0.0296875 0.1390625
3 0.2484375 0.5625 0.021875 0.11875
1 0.37421875 0.5265625 0.0296875 0.1140625
2 0.20703125 0.70234375 0.0390625 0.1390625
2 0.3265625 0.64609375 0.03125 0.146875
2 0.5171875 0.60703125 0.0328125 0.1375
2 0.55078125 0.5984375 0.0265625 0.1109375
2 0.58359375 0.56015625 0.0328125 0.1171875
2 0.62578125 0.62265625 0.0296875 0.14375
2 0.7171875 0.65625 0.0390625 0.15
2 0.825 0.51640625 0.028125 0.09375
2 0.67265625 0.5359375 0.0359375 0.1
2 0.6265625 0.52890625 0.025 0.11875
2 0.66640625 0.49296875 0.0328125 0.0828125
2 0.61015625 0.45859375 0.01875 0.0875