2 0.209375 0.77265625 0.0796875 0.1984375
2 0.46484375 0.66953125 0.05625 0.209375
2 0.5578125 0.61953125 0.034375 0.20625
2 0.61171875 0.64140625 0.0484375 0.1828125
2 0.6625 0.63359375 0.0375 0.1671875
2 0.715625 0.57890625 0.046875 0.1875
2 0.69296875 0.50546875 0.028125 0.1
2 0.66640625 0.36796875 0.0515625 0.13125
2 0.74296875 0.43125 0.0421875 0.1484375
2 0.84296875 0.5015625 0.0421875 0.18125
2 0.9453125 0.69453125 0.046875 0.2109375
1 0.38046875 0.50546875 0.0515625 0.1625
3 0.16640625 0.56640625 0.046875 0.2328125