3 0.06171875 0.653125 0.0953125 0.23671875
2 0.59375 0.790625 0.1140625 0.26171875
2 0.73359375 0.58671875 0.0875 0.21484375
2 0.89453125 0.6203125 0.11328125 0.24296875
2 0.81796875 0.4796875 0.0546875 0.184375
2 0.8671875 0.3921875 0.059375 0.16953125
2 0.95546875 0.4359375 0.05703125 0.13515625
2 0.97578125 0.54765625 0.0484375 0.1640625
2 0.665625 0.4796875 0.07890625 0.1703125
2 0.72265625 0.4609375 0.059375 0.175
0 0.26796875 0.5515625 0.0296875 0.02734375
1 0.32265625 0.478125 0.0734375 0.1765625