1 0.31953125 0.465625 0.0765625 0.15
3 0.0609375 0.58828125 0.0390625 0.2109375
2 0.10546875 0.78671875 0.0796875 0.1953125
2 0.440625 0.70078125 0.046875 0.2140625
2 0.47578125 0.68984375 0.04375 0.2046875
2 0.4828125 0.62109375 0.05 0.190625
2 0.42421875 0.62109375 0.0578125 0.184375
2 0.50859375 0.5734375 0.0515625 0.184375
2 0.61875 0.53203125 0.05 0.1796875
2 0.81328125 0.67578125 0.040625 0.2140625
2 0.709375 0.459375 0.04375 0.171875
2 0.7296875 0.378125 0.0421875 0.1515625
2 0.61640625 0.27890625 0.0359375 0.13125
2 0.98203125 0.3984375 0.0359375 0.1875