3 0.89921875 0.50546875 0.0328125 0.16875
1 0.6828125 0.4421875 0.034375 0.16875
2 0.65859375 0.6046875 0.0453125 0.1953125
2 0.4125 0.80859375 0.0765625 0.259375
2 0.54765625 0.6015625 0.0515625 0.1796875
2 0.38125 0.57734375 0.0578125 0.1515625
2 0.3359375 0.4484375 0.0421875 0.1875
2 0.36953125 0.46015625 0.0296875 0.1484375
2 0.4046875 0.38828125 0.0328125 0.13125
2 0.39609375 0.33125 0.025 0.109375
2 0.3078125 0.45625 0.028125 0.1625
2 0.16640625 0.57890625 0.0546875 0.1984375
2 0.08984375 0.44453125 0.0609375 0.1515625