2 0.14765625 0.71328125 0.0296875 0.2046875
2 0.42578125 0.68671875 0.034375 0.21875
2 0.609375 0.91484375 0.040625 0.1484375
2 0.77265625 0.59765625 0.0390625 0.209375
2 0.7 0.371875 0.0234375 0.1578125
2 0.5765625 0.5421875 0.03125 0.1796875
2 0.47109375 0.56640625 0.034375 0.1921875
2 0.45390625 0.51015625 0.05 0.18125
2 0.5015625 0.428125 0.025 0.159375
2 0.44375 0.3828125 0.0296875 0.1515625
2 0.48046875 0.31015625 0.0265625 0.1515625
1 0.1640625 0.48359375 0.0390625 0.16875
3 0.23203125 0.36015625 0.0234375 0.15
3 0.7015625 0.740625 0.0359375 0.21875