1 0.58515625 0.38828125 0.03125 0.1375
3 0.525 0.33359375 0.0265625 0.1078125
3 0.0375 0.6765625 0.059375 0.2109375
2 0.17578125 0.36171875 0.0234375 0.1203125
2 0.2109375 0.4375 0.0296875 0.1421875
2 0.29296875 0.38828125 0.0328125 0.090625
2 0.353125 0.440625 0.0296875 0.1296875
2 0.3921875 0.42421875 0.0375 0.1515625
2 0.35234375 0.37265625 0.03125 0.05625
2 0.37109375 0.33515625 0.0296875 0.08125
2 0.4484375 0.50703125 0.0359375 0.171875
2 0.540625 0.63984375 0.040625 0.1953125
2 0.58359375 0.52734375 0.040625 0.1703125
2 0.90859375 0.5484375 0.0234375 0.15625
2 0.38203125 0.2921875 0.0234375 0.0625