2 0.11796875 0.28671875 0.0625 0.159375
2 0.05546875 0.4875 0.0453125 0.2453125
2 0.2890625 0.38359375 0.040625 0.196875
2 0.38359375 0.30703125 0.0421875 0.1578125
2 0.315625 0.24921875 0.03125 0.159375
2 0.3515625 0.4625 0.078125 0.1921875
2 0.4328125 0.65 0.053125 0.2265625
2 0.525 0.50859375 0.053125 0.2546875
2 0.5765625 0.55625 0.0296875 0.25
2 0.61015625 0.53515625 0.059375 0.234375
2 0.796875 0.59375 0.059375 0.24375
2 0.9015625 0.653125 0.075 0.25
3 0.22421875 0.75234375 0.0625 0.3125
3 0.58671875 0.26796875 0.0421875 0.184375
3 0.734375 0.38671875 0.0421875 0.225