2 0.07421875 0.32265625 0.05625 0.1453125
2 0.20390625 0.35 0.053125 0.159375
2 0.26484375 0.50234375 0.046875 0.1765625
2 0.3078125 0.48203125 0.0265625 0.1828125
2 0.340625 0.546875 0.05625 0.190625
2 0.36875 0.51953125 0.0390625 0.209375
2 0.44453125 0.62421875 0.053125 0.171875
2 0.4953125 0.62890625 0.0671875 0.2171875
2 0.63046875 0.63671875 0.0515625 0.196875
2 0.36875 0.75859375 0.078125 0.1921875
2 0.9859375 0.69140625 0.028125 0.2015625
3 0.83359375 0.5234375 0.04375 0.2140625
1 0.61328125 0.41953125 0.0796875 0.16875