2 0.25625 0.6515625 0.05625 0.2
2 0.39921875 0.80078125 0.0671875 0.265625
2 0.71171875 0.58203125 0.0625 0.1984375
2 0.65703125 0.56796875 0.0703125 0.1890625
2 0.58515625 0.540625 0.053125 0.19375
2 0.59296875 0.496875 0.0609375 0.1546875
2 0.48203125 0.5625 0.065625 0.19375
2 0.6984375 0.4296875 0.0515625 0.146875
2 0.85078125 0.43359375 0.0375 0.1921875
2 0.51328125 0.29375 0.0234375 0.1375
1 0.26328125 0.42265625 0.0421875 0.1859375
3 0.3609375 0.34296875 0.03125 0.1453125
3 0.93125 0.875 0.0765625 0.246875