2 0.11796875 0.453125 0.0828125 0.1546875
2 0.3453125 0.5515625 0.0921875 0.159375
2 0.3890625 0.48671875 0.0375 0.1921875
2 0.41015625 0.44140625 0.0421875 0.1359375
2 0.3234375 0.33671875 0.046875 0.121875
2 0.3609375 0.359375 0.034375 0.134375
2 0.34453125 0.2859375 0.03125 0.0609375
2 0.4 0.2578125 0.053125 0.1125
2 0.5328125 0.421875 0.06875 0.06875
2 0.6015625 0.52109375 0.034375 0.19375
2 0.65078125 0.53359375 0.0359375 0.175
2 0.80859375 0.66015625 0.0609375 0.16875
3 0.56171875 0.24765625 0.046875 0.1625
1 0.71015625 0.425 0.0703125 0.109375