2 0.18125 0.81328125 0.0859375 0.2015625
2 0.01640625 0.621875 0.0328125 0.21875
2 0.22890625 0.4109375 0.0515625 0.115625
2 0.3015625 0.3484375 0.0265625 0.1125
2 0.3546875 0.40390625 0.0265625 0.1171875
2 0.37265625 0.39765625 0.025 0.10625
2 0.36171875 0.34296875 0.015625 0.0421875
2 0.3984375 0.47734375 0.03125 0.1484375
2 0.44140625 0.52890625 0.0390625 0.16875
2 0.67578125 0.57421875 0.0546875 0.1375
2 0.459375 0.4296875 0.0796875 0.040625
3 0.78125 0.46328125 0.0296875 0.153125
1 0.5953125 0.40078125 0.03125 0.109375
2 0.8453125 0.58671875 0.0546875 0.1453125