1 0.35234375 0.4296875 0.0375 0.14375
3 0.45859375 0.35703125 0.0375 0.121875
3 0.69453125 0.71953125 0.08515625 0.2078125
2 0.86640625 0.38203125 0.05 0.12109375
2 0.66796875 0.47734375 0.03125 0.140625
2 0.68515625 0.43046875 0.0359375 0.146875
2 0.61015625 0.4703125 0.0390625 0.1515625
2 0.6390625 0.375 0.0203125 0.13125
2 0.56015625 0.315625 0.015625 0.09375
2 0.53828125 0.51171875 0.0328125 0.146875
2 0.39375 0.55546875 0.0625 0.1671875
2 0.4296875 0.5484375 0.03125 0.1375
2 0.3203125 0.6421875 0.075 0.1703125
2 0.33671875 0.58046875 0.0296875 0.1375
2 0.6953125 0.575 0.034375 0.146875