2 0.753125 0.65390625 0.040625 0.18125
2 0.54375 0.7984375 0.05390625 0.2328125
2 0.64921875 0.61171875 0.0390625 0.175
2 0.515625 0.4890625 0.03125 0.1828125
2 0.45 0.42734375 0.0390625 0.1546875
2 0.478125 0.42265625 0.03125 0.1546875
2 0.45625 0.340625 0.0375 0.1
2 0.5125 0.3140625 0.0421875 0.1578125
2 0.6046875 0.22578125 0.03125 0.134375
2 0.33046875 0.3359375 0.03125 0.146875
2 0.24921875 0.49375 0.040625 0.1796875
3 0.11015625 0.41015625 0.0234375 0.1671875
1 0.80390625 0.40078125 0.0484375 0.165625