3 0.9546875 0.56328125 0.0359375 0.1984375
2 0.11328125 0.44609375 0.0546875 0.1453125
2 0.24921875 0.53515625 0.0484375 0.1453125
2 0.23359375 0.43828125 0.03125 0.125
2 0.234375 0.3734375 0.03125 0.059375
2 0.325 0.45078125 0.0421875 0.1484375
2 0.28203125 0.53125 0.05 0.1765625
2 0.3390625 0.546875 0.0328125 0.171875
2 0.36796875 0.5609375 0.0390625 0.165625
2 0.44375 0.559375 0.0296875 0.1921875
2 0.471875 0.58046875 0.04375 0.1765625
2 0.60390625 0.6546875 0.0515625 0.1984375
2 0.73828125 0.753125 0.065625 0.2140625
1 0.61015625 0.46953125 0.0453125 0.125