2 0.14296875 0.665625 0.046875 0.203125
2 0.46171875 0.7875 0.0421875 0.2203125
2 0.478125 0.70390625 0.0375 0.1796875
2 0.42578125 0.51171875 0.0234375 0.165625
2 0.4640625 0.525 0.0328125 0.1640625
2 0.4203125 0.490625 0.0734375 0.09375
2 0.4015625 0.475 0.03125 0.1453125
2 0.47890625 0.4421875 0.0328125 0.1125
2 0.5171875 0.39140625 0.0265625 0.0890625
2 0.3203125 0.57734375 0.0421875 0.1703125
2 0.7703125 0.73671875 0.046875 0.2
2 0.8734375 0.840625 0.040625 0.20625
1 0.67265625 0.48671875 0.034375 0.16875
3 0.69453125 0.45546875 0.0390625 0.1515625
3 0.31796875 0.82578125 0.040625 0.2