2 0.16171875 0.6171875 0.0453125 0.1875
2 0.27890625 0.76953125 0.0546875 0.24375
2 0.45390625 0.65 0.0390625 0.2
2 0.784375 0.61640625 0.0390625 0.1875
2 0.53046875 0.55 0.0515625 0.1640625
2 0.528125 0.46875 0.03125 0.1375
2 0.56328125 0.4828125 0.034375 0.1734375
2 0.53515625 0.340625 0.034375 0.1515625
2 0.43515625 0.3828125 0.040625 0.1703125
2 0.25 0.32734375 0.021875 0.1625
3 0.1078125 0.37265625 0.0375 0.153125
3 0.95546875 0.52265625 0.0421875 0.1875
1 0.81171875 0.43359375 0.034375 0.1640625
2 0.634375 0.26640625 0.0265625 0.1296875