2 0.171875 0.52890625 0.0421875 0.159375
2 0.13046875 0.375 0.0171875 0.0953125
2 0.35234375 0.48671875 0.034375 0.14375
2 0.33125 0.39140625 0.0359375 0.109375
2 0.40234375 0.36015625 0.0265625 0.109375
2 0.45390625 0.303125 0.01875 0.0953125
2 0.45859375 0.5296875 0.021875 0.1265625
2 0.475 0.57890625 0.025 0.1796875
2 0.58984375 0.51640625 0.0375 0.1375
2 0.62421875 0.5125 0.0171875 0.1484375
2 0.64453125 0.51328125 0.040625 0.1484375
1 0.6390625 0.39921875 0.03125 0.109375
3 0.553125 0.346875 0.028125 0.1234375
3 0.0953125 0.67265625 0.0796875 0.1921875
2 0.59921875 0.665625 0.034375 0.16015625