2 0.09375 0.64453125 0.0375 0.215625
2 0.28203125 0.5609375 0.0390625 0.196875
2 0.375 0.7015625 0.046875 0.2359375
2 0.45 0.50703125 0.0265625 0.1953125
2 0.5578125 0.4546875 0.03125 0.1640625
2 0.6109375 0.4859375 0.0359375 0.209375
2 0.61796875 0.38203125 0.028125 0.13125
2 0.61796875 0.31328125 0.028125 0.053125
2 0.85078125 0.3359375 0.03125 0.1578125
2 0.634375 0.26796875 0.03125 0.121875
3 0.84375 0.71484375 0.071875 0.259375
2 0.8203125 0.6 0.0328125 0.2265625
3 0.4046875 0.28125 0.0296875 0.1296875
1 0.315625 0.3703125 0.0296875 0.1484375