2 0.1453125 0.61953125 0.059375 0.1828125
2 0.31796875 0.46875 0.0359375 0.1453125
2 0.37265625 0.53984375 0.046875 0.1390625
2 0.36328125 0.43515625 0.05 0.1234375
2 0.45390625 0.29453125 0.0265625 0.109375
2 0.45 0.23671875 0.0265625 0.059375
2 0.590625 0.3765625 0.0546875 0.1203125
2 0.63984375 0.46953125 0.0515625 0.1359375
2 0.73203125 0.7 0.0484375 0.2234375
2 0.76796875 0.48125 0.0625 0.1625
2 0.77890625 0.325 0.0328125 0.121875
3 0.9421875 0.38125 0.0328125 0.1375
1 0.18046875 0.4015625 0.053125 0.140625