3 0.82734375 0.78515625 0.0703125 0.234375
3 0.24296875 0.29765625 0.021875 0.1546875
2 0.36953125 0.89296875 0.0609375 0.2140625
2 0.628125 0.5453125 0.040625 0.175
2 0.7671875 0.3171875 0.03125 0.14375
2 0.55703125 0.38359375 0.040625 0.128125
2 0.50390625 0.31015625 0.034375 0.1203125
2 0.51640625 0.253125 0.0265625 0.1109375
2 0.4875 0.47265625 0.04375 0.159375
2 0.44375 0.51328125 0.0359375 0.165625
2 0.425 0.475 0.0625 0.1609375
2 0.38046875 0.6390625 0.0421875 0.215625
2 0.08203125 0.63984375 0.053125 0.203125
1 0.16328125 0.3953125 0.040625 0.1671875