3 0.65546875 0.33125 0.03125 0.18125
1 0.7640625 0.44765625 0.0796875 0.1328125
2 0.49296875 0.23515625 0.0515625 0.1296875
2 0.40859375 0.3296875 0.0453125 0.1703125
2 0.31640625 0.396875 0.05625 0.153125
2 0.2359375 0.3546875 0.0484375 0.146875
2 0.09453125 0.47890625 0.08125 0.16875
2 0.3375 0.5625 0.0640625 0.159375
2 0.36796875 0.45390625 0.0625 0.153125
2 0.3578125 0.49453125 0.0484375 0.1515625
2 0.440625 0.49140625 0.0484375 0.15
2 0.503125 0.52890625 0.040625 0.20625
2 0.475 0.67109375 0.0703125 0.171875
2 0.5921875 0.68515625 0.0671875 0.196875
2 0.83515625 0.7921875 0.075 0.1734375