1 0.75859375 0.4765625 0.0421875 0.1671875
3 0.95859375 0.59140625 0.0375 0.1984375
3 0.0203125 0.4359375 0.040625 0.171875
2 0.25703125 0.54453125 0.0625 0.1609375
2 0.28125 0.43984375 0.0359375 0.1359375
2 0.40078125 0.528125 0.0328125 0.16875
2 0.40234375 0.434375 0.0296875 0.08125
2 0.43515625 0.45234375 0.0453125 0.1609375
2 0.49296875 0.64296875 0.046875 0.1828125
2 0.6078125 0.85 0.0625 0.2296875
2 0.70625 0.6734375 0.046875 0.20625
2 0.4984375 0.390625 0.0390625 0.1296875
2 0.58828125 0.2921875 0.0359375 0.109375