2 0.21796875 0.8015625 0.0828125 0.2125
2 0.3265625 0.6890625 0.0765625 0.1828125
2 0.50078125 0.33046875 0.0390625 0.1203125
2 0.7828125 0.6296875 0.0359375 0.2109375
2 0.68046875 0.603125 0.0421875 0.1515625
2 0.70546875 0.50625 0.0703125 0.178125
2 0.56796875 0.484375 0.028125 0.1390625
2 0.596875 0.51640625 0.0484375 0.1515625
2 0.5859375 0.40078125 0.0375 0.10625
2 0.5546875 0.553125 0.025 0.146875
2 0.5890625 0.603125 0.03125 0.203125
2 0.63125 0.50390625 0.034375 0.175
1 0.309375 0.4984375 0.04140625 0.1328125
3 0.37109375 0.3859375 0.02109375 0.14609375