2 0.29765625 0.396875 0.0390625 0.15625
2 0.38359375 0.38125 0.028125 0.1515625
2 0.446875 0.40234375 0.034375 0.153125
2 0.43515625 0.428125 0.0234375 0.153125
2 0.3140625 0.7390625 0.0703125 0.2328125
2 0.5296875 0.49453125 0.04375 0.1734375
2 0.51953125 0.32578125 0.0421875 0.1578125
2 0.609375 0.23828125 0.0296875 0.1328125
2 0.5859375 0.56875 0.0375 0.1703125
2 0.59453125 0.521875 0.034375 0.1296875
2 0.66015625 0.6265625 0.025 0.20625
2 0.684375 0.646875 0.0390625 0.1765625
3 0.70625 0.315625 0.0359375 0.1515625
1 0.77734375 0.415625 0.0515625 0.1765625