3 0.24375 0.68046875 0.0609375 0.19375
2 0.47421875 0.44921875 0.0265625 0.10625
3 0.48984375 0.35703125 0.028125 0.1109375
1 0.565625 0.44140625 0.0625 0.0796875
2 0.20234375 0.50390625 0.0515625 0.134375
2 0.24296875 0.409375 0.0390625 0.09375
2 0.25625 0.3875 0.03125 0.090625
2 0.2921875 0.45 0.03125 0.1421875
2 0.31640625 0.4875 0.0296875 0.1640625
2 0.34765625 0.4859375 0.0328125 0.13125
2 0.421875 0.55234375 0.040625 0.153125
2 0.421875 0.48125 0.0296875 0.1140625
2 0.4546875 0.5078125 0.028125 0.15
2 0.4953125 0.55234375 0.05 0.1453125