1 0.7015625 0.45546875 0.028125 0.1390625
3 0.5609375 0.40234375 0.0296875 0.1125
3 0.03828125 0.9453125 0.0765625 0.109375
2 0.0359375 0.6703125 0.0546875 0.140625
2 0.13515625 0.57734375 0.0484375 0.1515625
2 0.278125 0.65234375 0.034375 0.178125
2 0.225 0.5765625 0.0390625 0.128125
2 0.2046875 0.49140625 0.0328125 0.153125
2 0.26484375 0.4296875 0.028125 0.13125
2 0.521875 0.61875 0.0546875 0.1359375
2 0.6109375 0.7109375 0.0359375 0.096875
2 0.5296875 0.759375 0.059375 0.1484375
2 0.515625 0.903125 0.065625 0.1796875