1 0.54765625 0.49765625 0.03125 0.109375
3 0.45859375 0.4546875 0.025 0.103125
3 0.17734375 0.803125 0.075 0.1953125
2 0.1265625 0.48984375 0.0328125 0.1234375
2 0.25390625 0.53359375 0.034375 0.115625
2 0.290625 0.525 0.0453125 0.1140625
2 0.30234375 0.46796875 0.0203125 0.08125
2 0.37421875 0.4203125 0.021875 0.0890625
2 0.3359375 0.65546875 0.053125 0.1515625
2 0.37421875 0.63359375 0.046875 0.134375
2 0.36328125 0.55390625 0.0328125 0.090625
2 0.509375 0.715625 0.0421875 0.16875
2 0.4796875 0.63515625 0.0359375 0.121875
2 0.57109375 0.625 0.03125 0.1546875
2 0.85390625 0.63515625 0.034375 0.153125
0 0.31796875 0.6234375 0.015625 0.0203125