3 0.16484375 0.65703125 0.0375 0.1484375
2 0.16328125 0.453125 0.05 0.175
2 0.35390625 0.46796875 0.040625 0.1828125
2 0.49921875 0.440625 0.0390625 0.159375
2 0.49296875 0.31484375 0.0453125 0.1484375
2 0.63046875 0.3046875 0.04375 0.115625
2 0.615625 0.2578125 0.0484375 0.1109375
2 0.7515625 0.31015625 0.0484375 0.1390625
2 0.6859375 0.4515625 0.0453125 0.171875
2 0.753125 0.68203125 0.06875 0.1609375
2 0.8625 0.71484375 0.06875 0.1515625
2 0.8671875 0.584375 0.034375 0.11875
2 0.8703125 0.53984375 0.0375 0.1296875