3 0.134375 0.86015625 0.05 0.2796875
3 0.52890625 0.24765625 0.040625 0.1296875
1 0.6265625 0.3109375 0.0359375 0.1734375
2 0.74375 0.4796875 0.05625 0.190625
2 0.67265625 0.51484375 0.065625 0.19375
2 0.54375 0.71640625 0.05625 0.2296875
2 0.42421875 0.5234375 0.0703125 0.1734375
2 0.42421875 0.38984375 0.059375 0.1578125
2 0.178125 0.4265625 0.0359375 0.1546875
2 0.24296875 0.3109375 0.046875 0.196875
2 0.30859375 0.35234375 0.05 0.2
2 0.3421875 0.31640625 0.0390625 0.140625
2 0.3296875 0.27421875 0.0296875 0.1046875