2 0.2515625 0.6328125 0.0859375 0.2109375
2 0.4359375 0.6546875 0.06875 0.2515625
2 0.4765625 0.76015625 0.0625 0.20546875
2 0.6109375 0.58203125 0.0953125 0.2078125
2 0.83828125 0.65546875 0.0703125 0.20859375
2 0.58515625 0.4171875 0.046875 0.1609375
2 0.62421875 0.3875 0.03125 0.1828125
2 0.67265625 0.384375 0.0515625 0.16875
2 0.9578125 0.30234375 0.046875 0.15
2 0.56015625 0.278125 0.0375 0.146875
2 0.50390625 0.2015625 0.0375 0.1546875
1 0.28125 0.4015625 0.071875 0.165625
3 0.10390625 0.4796875 0.0453125 0.196875