2 0.2703125 0.25546875 0.0265625 0.1515625
2 0.38125 0.27265625 0.0421875 0.1265625
2 0.40625 0.33671875 0.0328125 0.1765625
2 0.5671875 0.1796875 0.046875 0.140625
2 0.321875 0.48515625 0.053125 0.1828125
2 0.41171875 0.509375 0.0640625 0.1859375
2 0.51328125 0.47890625 0.0546875 0.1828125
2 0.57109375 0.48984375 0.046875 0.190625
2 0.609375 0.603125 0.071875 0.1609375
2 0.79609375 0.64609375 0.0625 0.203125
2 0.57265625 0.73515625 0.0953125 0.2109375
1 0.79140625 0.37734375 0.05 0.1546875
3 0.05859375 0.36796875 0.05625 0.1703125