3 0.1515625 0.628125 0.0484375 0.1984375
1 0.3328125 0.546875 0.0390625 0.175
2 0.09453125 0.8609375 0.0875 0.1953125
2 0.37578125 0.75 0.0546875 0.21875
2 0.48125 0.71640625 0.046875 0.1578125
2 0.5203125 0.6375 0.046875 0.1515625
2 0.6125 0.7078125 0.0515625 0.109375
2 0.5703125 0.640625 0.0421875 0.221875
2 0.6265625 0.5640625 0.0390625 0.1875
2 0.7015625 0.62734375 0.05 0.2125
2 0.79765625 0.7296875 0.0421875 0.23125
2 0.946875 0.51953125 0.0546875 0.190625
2 0.803125 0.42109375 0.0515625 0.1515625
2 0.678125 0.3578125 0.0484375 0.1265625