2 0.94375 0.6609375 0.0328125 0.1953125
2 0.67890625 0.5984375 0.0375 0.171875
2 0.4796875 0.53359375 0.0359375 0.1765625
2 0.28984375 0.671875 0.0359375 0.2
2 0.14140625 0.46875 0.040625 0.1640625
2 0.3359375 0.484375 0.0390625 0.1703125
2 0.38828125 0.38515625 0.0328125 0.153125
2 0.47890625 0.43984375 0.034375 0.1296875
2 0.46796875 0.30390625 0.0296875 0.1421875
2 0.34375 0.32421875 0.046875 0.1328125
2 0.36640625 0.31015625 0.034375 0.1328125
2 0.33125 0.2671875 0.03125 0.1140625
3 0.84140625 0.515625 0.025 0.1609375
1 0.7140625 0.39140625 0.03125 0.15625