3 0.20234375 0.509375 0.0328125 0.1078125
1 0.059375 0.5734375 0.0421875 0.1296875
2 0.02109375 0.74453125 0.0421875 0.175
2 0.125 0.7359375 0.040625 0.15625
2 0.18828125 0.71640625 0.04375 0.165625
2 0.33125 0.7765625 0.0421875 0.1453125
2 0.35703125 0.6734375 0.0390625 0.140625
2 0.3828125 0.59140625 0.028125 0.1171875
2 0.4109375 0.55546875 0.03125 0.115625
2 0.27578125 0.58984375 0.040625 0.1390625
2 0.2875 0.503125 0.046875 0.109375
2 0.63359375 0.61875 0.0515625 0.1375
2 0.68046875 0.55546875 0.03125 0.13125