2 0.128125 0.70625 0.0421875 0.2015625
2 0.415625 0.6359375 0.0328125 0.1796875
2 0.453125 0.575 0.05 0.1640625
2 0.509375 0.5328125 0.053125 0.1546875
2 0.54765625 0.5640625 0.0421875 0.1734375
2 0.5515625 0.446875 0.03125 0.115625
2 0.56484375 0.38359375 0.0265625 0.1296875
2 0.5953125 0.34375 0.0328125 0.121875
2 0.7890625 0.44375 0.040625 0.14375
2 0.70546875 0.5828125 0.04375 0.178125
2 0.55234375 0.88359375 0.0515625 0.21875
3 0.88828125 0.55703125 0.0375 0.1765625
3 0.03125 0.59453125 0.046875 0.178125
1 0.22265625 0.48203125 0.0359375 0.153125