2 0.13828125 0.4328125 0.0359375 0.140625
2 0.20078125 0.56640625 0.0484375 0.1625
2 0.2796875 0.4578125 0.0328125 0.1390625
2 0.39296875 0.56015625 0.046875 0.1546875
2 0.371875 0.5015625 0.01875 0.1296875
2 0.40078125 0.4078125 0.040625 0.13125
2 0.4796875 0.34921875 0.03125 0.125
2 0.3484375 0.60390625 0.0375 0.190625
2 0.34921875 0.52421875 0.0296875 0.1390625
2 0.46484375 0.596875 0.053125 0.1671875
2 0.446875 0.5609375 0.0328125 0.1515625
2 0.4953125 0.59296875 0.0515625 0.1828125
3 0.609375 0.41328125 0.028125 0.1421875
3 0.0109375 0.72578125 0.021875 0.2
1 0.66875 0.48671875 0.05 0.1625