1 0.80234375 0.50234375 0.0515625 0.1234375
3 0.63984375 0.36875 0.05625 0.1640625
3 0.06796875 0.903125 0.0921875 0.19375
2 0.61875 0.690625 0.071875 0.203125
2 0.553125 0.77890625 0.0859375 0.21875
2 0.39765625 0.60625 0.059375 0.1671875
2 0.43125 0.5765625 0.0546875 0.2078125
2 0.46015625 0.5359375 0.0390625 0.153125
2 0.36484375 0.4796875 0.0578125 0.140625
2 0.325 0.43984375 0.0390625 0.1578125
2 0.2640625 0.509375 0.0625 0.175
2 0.246875 0.36015625 0.0375 0.153125
2 0.1421875 0.496875 0.08125 0.1390625
2 0.13203125 0.35703125 0.0609375 0.1296875