2 0.06953125 0.390625 0.0375 0.159375
2 0.2265625 0.71953125 0.0390625 0.2140625
2 0.3640625 0.59453125 0.065625 0.196875
2 0.32734375 0.42265625 0.0296875 0.1453125
2 0.39375 0.3203125 0.0296875 0.1109375
2 0.44453125 0.359375 0.0296875 0.1375
2 0.45 0.51640625 0.0359375 0.165625
2 0.5203125 0.58203125 0.0328125 0.19375
2 0.65859375 0.70859375 0.046875 0.1921875
2 0.86953125 0.68359375 0.0625 0.2421875
2 0.61875 0.88984375 0.0578125 0.1921875
1 0.728125 0.44921875 0.040625 0.1734375
3 0.0125 0.6171875 0.025 0.178125
3 0.98828125 0.5625 0.0234375 0.2140625