1 0.13359375 0.45078125 0.04375 0.1578125
3 0.21171875 0.321875 0.0359375 0.1734375
2 0.31875 0.25234375 0.04140625 0.1296875
2 0.39453125 0.30859375 0.0265625 0.165625
2 0.53828125 0.3921875 0.0453125 0.146875
2 0.68359375 0.3859375 0.05546875 0.1515625
2 0.16796875 0.64609375 0.05625 0.19375
2 0.36796875 0.4953125 0.0390625 0.2171875
2 0.37421875 0.64453125 0.04765625 0.20234375
2 0.421875 0.49765625 0.05625 0.184375
2 0.40234375 0.515625 0.04375 0.165625
2 0.5453125 0.759375 0.065625 0.209375
2 0.78046875 0.6609375 0.09375 0.1703125
3 0.6390625 0.89375 0.0546875 0.21171875