3 0.84609375 0.51640625 0.0265625 0.1625
3 0.05 0.41640625 0.03125 0.1546875
2 0.1859375 0.340625 0.03125 0.14375
2 0.11640625 0.59921875 0.05 0.1875
2 0.38828125 0.72265625 0.05625 0.2
2 0.38046875 0.54609375 0.0484375 0.1453125
2 0.33046875 0.4109375 0.034375 0.15625
2 0.41328125 0.365625 0.021875 0.1484375
2 0.47890625 0.66796875 0.046875 0.1640625
2 0.4953125 0.6390625 0.0453125 0.1609375
2 0.5359375 0.61875 0.0421875 0.1546875
2 0.72734375 0.65234375 0.05 0.15625
2 0.54375 0.26875 0.01875 0.1234375
1 0.728125 0.44140625 0.028125 0.1421875