2 0.28125 0.46796875 0.05 0.1625
2 0.2828125 0.3890625 0.028125 0.1015625
2 0.32109375 0.3609375 0.021875 0.125
2 0.40859375 0.48984375 0.04375 0.1765625
2 0.40546875 0.703125 0.04375 0.2140625
2 0.5078125 0.7046875 0.046875 0.153125
3 0.2546875 0.69375 0.065625 0.190625
3 0.98828125 0.34609375 0.0234375 0.1328125
1 0.00859375 0.51953125 0.0171875 0.1875
2 0.7546875 0.4578125 0.0390625 0.15625
2 0.79140625 0.49296875 0.0265625 0.1484375
2 0.809375 0.475 0.021875 0.1359375
2 0.91640625 0.58359375 0.04375 0.1796875
2 0.8078125 0.3796875 0.0203125 0.09375