2 0.2078125 0.6046875 0.0453125 0.2
2 0.4859375 0.59765625 0.0734375 0.146875
2 0.5109375 0.5515625 0.0578125 0.2
2 0.57109375 0.5890625 0.046875 0.1765625
2 0.66640625 0.42578125 0.034375 0.1609375
2 0.690625 0.425 0.0234375 0.171875
2 0.70234375 0.42890625 0.03125 0.1796875
2 0.721875 0.459375 0.028125 0.175
2 0.62734375 0.3234375 0.05 0.128125
2 0.7578125 0.3703125 0.0421875 0.1546875
1 0.4265625 0.38046875 0.0328125 0.140625
3 0.2046875 0.51484375 0.040625 0.171875
2 0.4140625 0.2984375 0.0328125 0.10625