1 0.3484375 0.5203125 0.040625 0.1125
3 0.21640625 0.5625 0.03125 0.128125
3 0.95078125 0.58984375 0.0453125 0.171875
2 0.26796875 0.75546875 0.05 0.1640625
2 0.3109375 0.67578125 0.034375 0.175
2 0.5046875 0.6265625 0.03125 0.1671875
2 0.54140625 0.65859375 0.028125 0.1625
2 0.56953125 0.6109375 0.028125 0.1375
2 0.709375 0.671875 0.0578125 0.1671875
2 0.60390625 0.5375 0.03125 0.1296875
2 0.6296875 0.5296875 0.0234375 0.1296875
2 0.6109375 0.46171875 0.0171875 0.0609375
2 0.625 0.4484375 0.01875 0.05625
2 0.77265625 0.55390625 0.0328125 0.109375
2 0.8171875 0.56484375 0.05 0.121875