2 0.1234375 0.72109375 0.0609375 0.14375
2 0.1921875 0.7046875 0.053125 0.16875
2 0.3796875 0.74296875 0.0546875 0.1875
2 0.41171875 0.63828125 0.0578125 0.140625
2 0.3703125 0.61328125 0.05 0.178125
2 0.4421875 0.540625 0.0484375 0.171875
2 0.47578125 0.5234375 0.046875 0.1640625
2 0.4484375 0.35 0.040625 0.1421875
2 0.36328125 0.24609375 0.0296875 0.121875
2 0.7921875 0.59609375 0.0359375 0.15625
2 0.8671875 0.5625 0.0578125 0.171875
2 0.82265625 0.359375 0.046875 0.1453125
3 0.2515625 0.32890625 0.0375 0.1359375
3 0.95 0.72265625 0.0765625 0.190625
1 0.1578125 0.5203125 0.0609375 0.1671875