2 0.54609375 0.4234375 0.053125 0.1328125
2 0.65859375 0.434375 0.034375 0.134375
2 0.76953125 0.4234375 0.034375 0.1140625
2 0.578125 0.63203125 0.0453125 0.171875
2 0.65390625 0.74140625 0.0359375 0.175
2 0.7625 0.63671875 0.028125 0.1546875
2 0.890625 0.671875 0.0421875 0.178125
2 0.95703125 0.72421875 0.0703125 0.1890625
2 0.93828125 0.61796875 0.0328125 0.171875
2 0.90703125 0.57265625 0.0296875 0.1484375
2 0.89296875 0.53046875 0.0484375 0.134375
3 0.40234375 0.6140625 0.0609375 0.1796875
1 0.24765625 0.45625 0.0484375 0.1578125