2 0.31171875 0.50546875 0.03125 0.1046875
2 0.39453125 0.52890625 0.0328125 0.0921875
2 0.41875 0.51015625 0.01875 0.0875
2 0.45546875 0.590625 0.025 0.121875
2 0.47578125 0.578125 0.0328125 0.115625
2 0.50546875 0.5890625 0.03125 0.159375
2 0.47890625 0.45078125 0.0203125 0.075
2 0.58515625 0.65234375 0.034375 0.1640625
2 0.62265625 0.71796875 0.05625 0.1625
2 0.696875 0.64609375 0.0375 0.140625
2 0.93515625 0.65546875 0.028125 0.1265625
3 0.75859375 0.575 0.0265625 0.1140625
3 0.17265625 0.58984375 0.040625 0.125
1 0.62890625 0.52734375 0.0375 0.1