2 0.13828125 0.33046875 0.059375 0.15
2 0.1578125 0.55234375 0.05625 0.1875
2 0.478125 0.67890625 0.0671875 0.2265625
2 0.39375 0.44296875 0.053125 0.175
2 0.34375 0.35546875 0.053125 0.178125
2 0.41171875 0.2796875 0.028125 0.15
2 0.53828125 0.19609375 0.0234375 0.1328125
2 0.55234375 0.53046875 0.05625 0.1796875
2 0.59375 0.60390625 0.040625 0.2046875
2 0.621875 0.54609375 0.0390625 0.19375
2 0.71640625 0.58046875 0.0671875 0.203125
3 0.96171875 0.47109375 0.0390625 0.175
1 0.76796875 0.38984375 0.0484375 0.153125