1 0.2890625 0.50078125 0.05625 0.1546875
3 0.08671875 0.60703125 0.04375 0.18125
2 0.2578125 0.72109375 0.0421875 0.228125
2 0.48984375 0.671875 0.0359375 0.1890625
2 0.50234375 0.56484375 0.0421875 0.0921875
2 0.53828125 0.58359375 0.03125 0.153125
2 0.55625 0.5859375 0.0390625 0.171875
2 0.59453125 0.6 0.05 0.1671875
2 0.6125 0.49921875 0.0671875 0.1390625
2 0.6203125 0.38359375 0.040625 0.1265625
2 0.509375 0.32578125 0.0421875 0.1109375
2 0.828125 0.44921875 0.0484375 0.1609375
2 0.6375 0.70625 0.0625 0.2015625
3 0.98984375 0.5109375 0.0203125 0.1859375