3 0.14375 0.315625 0.040625 0.15
3 0.96484375 0.7078125 0.05625 0.19375
2 0.83125 0.57890625 0.0484375 0.2203125
2 0.7203125 0.32265625 0.05625 0.1421875
2 0.77734375 0.6703125 0.0625 0.2
2 0.4796875 0.6125 0.059375 0.1625
2 0.415625 0.490625 0.0625 0.1765625
2 0.34375 0.346875 0.04375 0.1453125
2 0.28515625 0.27421875 0.046875 0.1375
2 0.3671875 0.5515625 0.0515625 0.18125
2 0.39375 0.7640625 0.0828125 0.1953125
2 0.29453125 0.5453125 0.05625 0.1796875
2 0.1921875 0.67265625 0.0546875 0.1484375
2 0.05390625 0.78515625 0.0578125 0.178125