1 0.321875 0.48125 0.03125 0.14609375
3 0.12890625 0.60703125 0.03125 0.17421875
2 0.11328125 0.803125 0.046875 0.20625
2 0.39609375 0.6578125 0.0328125 0.1921875
2 0.45234375 0.77578125 0.0609375 0.2015625
2 0.825 0.74296875 0.0515625 0.196875
2 0.60234375 0.63828125 0.0515625 0.165625
2 0.63828125 0.56171875 0.04375 0.1640625
2 0.7984375 0.47109375 0.0578125 0.13515625
2 0.67421875 0.4875 0.03125 0.134375
2 0.69609375 0.4734375 0.028125 0.1296875
2 0.6390625 0.45625 0.0359375 0.084375
2 0.5578125 0.4109375 0.04375 0.121875
2 0.48984375 0.33515625 0.0296875 0.11875