1 0.703125 0.3921875 0.04375 0.1359375
3 0.8921875 0.48046875 0.0390625 0.1390625
2 0.1296875 0.346875 0.040625 0.13125
2 0.23828125 0.35390625 0.03125 0.11875
2 0.4015625 0.37890625 0.0265625 0.125
2 0.4234375 0.40390625 0.03125 0.1296875
2 0.471875 0.553125 0.0359375 0.1546875
2 0.4734375 0.43984375 0.03125 0.109375
2 0.5953125 0.77734375 0.0421875 0.1953125
2 0.6234375 0.671875 0.0390625 0.175
2 0.3390625 0.62265625 0.04375 0.178125
2 0.21328125 0.62421875 0.0375 0.184375
2 0.80390625 0.57890625 0.0390625 0.165625