3 0.54765625 0.4125 0.0265625 0.10625
3 0.01640625 0.71640625 0.0328125 0.2
1 0.5890625 0.4640625 0.0390625 0.1328125
2 0.10625 0.53125 0.0421875 0.159375
2 0.25625 0.459375 0.0484375 0.11875
2 0.325 0.490625 0.0234375 0.096875
2 0.340625 0.52421875 0.0234375 0.125
2 0.36328125 0.43828125 0.034375 0.0921875
2 0.440625 0.56640625 0.040625 0.10625
2 0.4375 0.50546875 0.0203125 0.0515625
2 0.596875 0.6125 0.0375 0.1375
2 0.8125 0.68203125 0.0390625 0.16875
2 0.43828125 0.37734375 0.02109375 0.0921875
0 0.24765625 0.41171875 0.0125 0.0171875