2 0.5484375 0.790625 0.0484375 0.2234375
2 0.5859375 0.659375 0.0421875 0.184375
2 0.7625 0.63671875 0.0453125 0.165625
2 0.4953125 0.49453125 0.0171875 0.1375
2 0.515625 0.503125 0.0328125 0.1703125
2 0.5453125 0.51484375 0.028125 0.1640625
2 0.4546875 0.40234375 0.0375 0.14375
2 0.5640625 0.34296875 0.0265625 0.1484375
2 0.6 0.26328125 0.028125 0.115625
2 0.26796875 0.35703125 0.053125 0.134375
2 0.3359375 0.51875 0.06875 0.1359375
3 0.0421875 0.5 0.0359375 0.1796875
1 0.840625 0.43828125 0.0484375 0.1484375