2 0.26796875 0.45 0.05625 0.1328125
2 0.37109375 0.4234375 0.05625 0.109375
2 0.47890625 0.34765625 0.046875 0.0921875
2 0.34375 0.615625 0.075 0.146875
2 0.39375 0.590625 0.0578125 0.1546875
2 0.41953125 0.52421875 0.0265625 0.159375
2 0.45078125 0.53046875 0.028125 0.15625
2 0.4953125 0.56640625 0.03125 0.1703125
2 0.52734375 0.6140625 0.040625 0.1765625
2 0.56015625 0.62421875 0.04375 0.1640625
2 0.5875 0.734375 0.0671875 0.146875
2 0.60078125 0.6875 0.053125 0.153125
2 0.40703125 0.85859375 0.0890625 0.1546875
1 0.66640625 0.50625 0.0859375 0.090625
3 0.85078125 0.56875 0.0515625 0.15625