1 0.78359375 0.440625 0.0390625 0.146875
3 0.05078125 0.434375 0.0359375 0.1625
2 0.76640625 0.6625 0.034375 0.190625
2 0.5203125 0.646875 0.046875 0.1609375
2 0.5375 0.5875 0.034375 0.190625
2 0.565625 0.56875 0.0328125 0.16875
2 0.48828125 0.5859375 0.0453125 0.19375
2 0.42421875 0.5109375 0.0328125 0.1828125
2 0.3515625 0.446875 0.040625 0.1625
2 0.2171875 0.565625 0.0546875 0.190625
2 0.24921875 0.3453125 0.0390625 0.1296875
2 0.45078125 0.3390625 0.0421875 0.146875
2 0.5671875 0.24921875 0.028125 0.134375