2 0.446875 0.68359375 0.059375 0.19375
2 0.53359375 0.88671875 0.0890625 0.175
2 0.546875 0.73359375 0.0703125 0.16875
2 0.54453125 0.60546875 0.0359375 0.178125
2 0.503125 0.56953125 0.05 0.1796875
2 0.58515625 0.54765625 0.0453125 0.1625
2 0.61328125 0.42265625 0.034375 0.134375
2 0.5203125 0.346875 0.0359375 0.10625
2 0.66171875 0.478125 0.034375 0.1484375
2 0.6859375 0.53125 0.04375 0.1640625
2 0.778125 0.54296875 0.0359375 0.15625
2 0.80625 0.46328125 0.0421875 0.1421875
1 0.35703125 0.51171875 0.05625 0.1546875
3 0.13828125 0.60078125 0.0546875 0.1828125