2 0.3046875 0.61171875 0.0484375 0.1875
2 0.34765625 0.56953125 0.0390625 0.1921875
2 0.534375 0.6953125 0.078125 0.23125
2 0.66171875 0.55703125 0.0375 0.2140625
2 0.41171875 0.48828125 0.04375 0.1734375
2 0.35 0.4171875 0.0375 0.1609375
2 0.39453125 0.39296875 0.025 0.0984375
2 0.41328125 0.35078125 0.03125 0.128125
2 0.3890625 0.32890625 0.0234375 0.0921875
2 0.421875 0.27421875 0.0359375 0.0890625
2 0.46875 0.27890625 0.021875 0.103125
1 0.60859375 0.3609375 0.025 0.1734375
3 0.603125 0.26171875 0.0359375 0.0765625
3 0.090625 0.6125 0.0828125 0.265625