3 0.1203125 0.44296875 0.053125 0.1453125
1 0.91640625 0.4609375 0.04375 0.159375
2 0.38125 0.37890625 0.0296875 0.15
2 0.4703125 0.3484375 0.0421875 0.1125
2 0.6203125 0.38203125 0.0484375 0.1203125
2 0.57265625 0.42109375 0.0328125 0.096875
2 0.41328125 0.4921875 0.0515625 0.1671875
2 0.509375 0.5875 0.0625 0.171875
2 0.4375 0.859375 0.071875 0.203125
2 0.565625 0.85625 0.0515625 0.2015625
2 0.6640625 0.65703125 0.04375 0.171875
2 0.87890625 0.63828125 0.0328125 0.2
2 0.63125 0.5625 0.0359375 0.1703125
2 0.60078125 0.5140625 0.0421875 0.1796875