1 0.23046875 0.4890625 0.05 0.1203125
3 0.3984375 0.41484375 0.0453125 0.134375
3 0.871875 0.8046875 0.071875 0.1984375
2 0.215625 0.734375 0.0578125 0.16875
2 0.3171875 0.71171875 0.065625 0.1796875
2 0.43359375 0.646875 0.053125 0.16875
2 0.534375 0.68984375 0.040625 0.1796875
2 0.56015625 0.6609375 0.0328125 0.203125
2 0.67578125 0.59375 0.05 0.165625
2 0.65859375 0.45546875 0.04375 0.146875
2 0.78984375 0.41171875 0.034375 0.134375
2 0.83125 0.57734375 0.0515625 0.18125
2 0.88046875 0.48125 0.0375 0.140625
2 0.971875 0.475 0.0390625 0.1421875
2 0.60703125 0.80390625 0.04375 0.1890625