1 0.78125 0.4015625 0.0640625 0.1546875
3 0.0140625 0.38828125 0.028125 0.1984375
2 0.52890625 0.196875 0.0359375 0.13125
2 0.42734375 0.2859375 0.040625 0.1640625
2 0.50625 0.4703125 0.0359375 0.15625
2 0.40625 0.525 0.0828125 0.1765625
2 0.4296875 0.43828125 0.059375 0.146875
2 0.3515625 0.3890625 0.05 0.175
2 0.21953125 0.396875 0.040625 0.1796875
2 0.22421875 0.5609375 0.0734375 0.1921875
2 0.528125 0.784375 0.065625 0.2203125
2 0.5734375 0.69609375 0.053125 0.2109375
2 0.82421875 0.6390625 0.0671875 0.1890625