2 0.053125 0.84375 0.078125 0.2796875
2 0.4375 0.678125 0.0421875 0.2640625
2 0.45546875 0.715625 0.0484375 0.253125
2 0.5 0.60390625 0.040625 0.2375
2 0.59140625 0.5390625 0.05 0.234375
2 0.628125 0.58359375 0.059375 0.2265625
2 0.653125 0.4640625 0.0453125 0.1953125
2 0.715625 0.44296875 0.05 0.2046875
2 0.6109375 0.3609375 0.0484375 0.1625
2 0.64609375 0.35234375 0.03125 0.1625
2 0.61640625 0.3046875 0.034375 0.1171875
1 0.40078125 0.41171875 0.0328125 0.190625
3 0.4078125 0.32109375 0.0390625 0.146875