2 0.3828125 0.328125 0.0453125 0.096875
2 0.32109375 0.40859375 0.059375 0.128125
2 0.2515625 0.54921875 0.0796875 0.121875
2 0.1703125 0.47578125 0.0640625 0.1421875
2 0.0234375 0.46953125 0.046875 0.13125
2 0.2921875 0.84140625 0.0859375 0.165625
2 0.33984375 0.73359375 0.0578125 0.2109375
2 0.38046875 0.6109375 0.065625 0.159375
2 0.4453125 0.715625 0.0671875 0.1875
2 0.45703125 0.58671875 0.0578125 0.171875
2 0.64140625 0.715625 0.0671875 0.1796875
2 0.921875 0.79140625 0.0828125 0.171875
3 0.88671875 0.58203125 0.0484375 0.190625
1 0.6484375 0.44765625 0.0640625 0.121875