2 0.07578125 0.659375 0.05 0.1640625
2 0.29609375 0.66171875 0.053125 0.1609375
2 0.4640625 0.76796875 0.05625 0.16875
2 0.45625 0.6796875 0.03125 0.1375
2 0.48515625 0.6484375 0.0359375 0.140625
2 0.53125 0.659375 0.0625 0.153125
2 0.67734375 0.59609375 0.0546875 0.175
2 0.71953125 0.53203125 0.028125 0.134375
2 0.66015625 0.47578125 0.040625 0.1046875
2 0.6015625 0.42265625 0.028125 0.0890625
2 0.871875 0.46875 0.03125 0.109375
2 0.78828125 0.69609375 0.05 0.1953125
1 0.3984375 0.5234375 0.0484375 0.121875
3 0.28203125 0.5484375 0.046875 0.153125
3 0.97109375 0.62109375 0.0421875 0.16875