1 0.68125 0.42109375 0.0515625 0.171875
3 0.734375 0.49765625 0.0625 0.2109375
3 0.028125 0.525 0.05625 0.215625
2 0.07265625 0.4546875 0.059375 0.171875
2 0.14296875 0.378125 0.046875 0.1453125
2 0.19453125 0.41953125 0.05625 0.15625
2 0.2203125 0.328125 0.0609375 0.1375
2 0.175 0.54375 0.0734375 0.1953125
2 0.1265625 0.6328125 0.0890625 0.2171875
2 0.265625 0.8421875 0.128125 0.28125
2 0.30078125 0.71640625 0.090625 0.215625
2 0.2734375 0.55546875 0.05625 0.184375
2 0.35 0.56171875 0.05 0.1953125
2 0.39453125 0.47109375 0.075 0.15