1 0.6359375 0.4015625 0.0234375 0.1171875
3 0.51171875 0.325 0.0234375 0.103125
2 0.7 0.553125 0.040625 0.15
2 0.51796875 0.53515625 0.0328125 0.1515625
2 0.40546875 0.428125 0.03125 0.140625
2 0.4125 0.4625 0.0234375 0.121875
2 0.34921875 0.49140625 0.0265625 0.128125
2 0.15390625 0.559375 0.046875 0.15625
2 0.24765625 0.38125 0.025 0.0984375
2 0.16953125 0.3609375 0.025 0.1203125
2 0.37421875 0.428125 0.0265625 0.11875
2 0.3828125 0.38359375 0.0265625 0.115625
2 0.39921875 0.70625 0.034375 0.175
2 0.9328125 0.57421875 0.0265625 0.1640625