3 0.1625 0.16640625 0.025 0.0984375
1 0.43203125 0.79375 0.171875 0.4125
1 0.7109375 0.15390625 0.025 0.1
2 0.3046875 0.31171875 0.0421875 0.26875
2 0.2359375 0.2046875 0.034375 0.134375
2 0.36484375 0.22109375 0.0359375 0.1765625
2 0.5578125 0.33671875 0.053125 0.246875
2 0.81484375 0.65546875 0.140625 0.3171875
2 0.77109375 0.875 0.1625 0.25
2 0.66328125 0.2640625 0.05 0.2046875
2 0.8328125 0.3 0.046875 0.19375
2 0.80859375 0.23828125 0.03125 0.125
2 0.63515625 0.1984375 0.034375 0.15
2 0.44453125 0.15625 0.0296875 0.1140625