2 0.2671875 0.73046875 0.05 0.20625
2 0.55078125 0.81875 0.0484375 0.20625
2 0.4625 0.6671875 0.0375 0.21875
2 0.48828125 0.7109375 0.046875 0.171875
2 0.54453125 0.6015625 0.0390625 0.1640625
2 0.57578125 0.52890625 0.0296875 0.178125
2 0.58125 0.5765625 0.0453125 0.159375
2 0.61796875 0.55390625 0.05 0.1796875
2 0.6359375 0.4953125 0.0296875 0.1421875
2 0.64140625 0.40703125 0.028125 0.1203125
2 0.684375 0.3671875 0.03125 0.1265625
1 0.21953125 0.503125 0.040625 0.1359375
3 0.0359375 0.59296875 0.0265625 0.1953125
3 0.878125 0.459375 0.03125 0.15625