2 0.3328125 0.7546875 0.071875 0.271875
2 0.42109375 0.54140625 0.0515625 0.2078125
2 0.2703125 0.55390625 0.0453125 0.221875
2 0.23515625 0.5640625 0.046875 0.21875
2 0.6484375 0.50390625 0.0734375 0.171875
2 0.653125 0.4484375 0.028125 0.128125
2 0.675 0.4328125 0.0453125 0.125
2 0.70390625 0.41328125 0.0359375 0.1328125
2 0.72890625 0.49375 0.04375 0.1484375
2 0.7796875 0.48203125 0.0625 0.1625
2 0.825 0.41796875 0.0265625 0.1421875
2 0.8953125 0.4171875 0.0328125 0.153125
1 0.30859375 0.425 0.0515625 0.128125
3 0.05078125 0.48671875 0.025 0.190625