2 0.50703125 0.35390625 0.03125 0.15625
2 0.56953125 0.5359375 0.0359375 0.153125
2 0.578125 0.50078125 0.0265625 0.153125
2 0.6109375 0.415625 0.05 0.134375
2 0.33515625 0.67890625 0.0625 0.2265625
2 0.49921875 0.7625 0.05625 0.2203125
2 0.62265625 0.6421875 0.053125 0.203125
2 0.75 0.50546875 0.0453125 0.196875
2 0.70546875 0.48203125 0.0359375 0.16875
2 0.85078125 0.45546875 0.0296875 0.1703125
2 0.87265625 0.521875 0.040625 0.1578125
1 0.31875 0.475 0.0328125 0.1578125
3 0.16015625 0.54296875 0.0484375 0.1796875