2 0.2765625 0.65390625 0.0421875 0.196875
2 0.021875 0.6984375 0.04375 0.2015625
2 0.4625 0.74375 0.0609375 0.2109375
2 0.83828125 0.60625 0.05 0.2046875
2 0.76875 0.4578125 0.04375 0.171875
2 0.8140625 0.3890625 0.0390625 0.140625
2 0.7125 0.415625 0.05625 0.1390625
2 0.53515625 0.52890625 0.040625 0.16875
2 0.5671875 0.56015625 0.028125 0.1796875
2 0.59453125 0.53046875 0.0453125 0.1765625
2 0.49140625 0.62890625 0.03125 0.11875
1 0.29140625 0.47578125 0.0390625 0.18125
3 0.0859375 0.57109375 0.0453125 0.1875