2 0.66875 0.89765625 0.05625 0.2046875
2 0.78828125 0.746875 0.0515625 0.1984375
2 0.8625 0.56328125 0.034375 0.1609375
2 0.81875 0.53359375 0.0390625 0.1359375
2 0.64375 0.690625 0.075 0.128125
2 0.58515625 0.56640625 0.0359375 0.1421875
2 0.621875 0.55546875 0.0390625 0.1453125
2 0.68828125 0.50546875 0.03125 0.125
2 0.4171875 0.7390625 0.0359375 0.1953125
3 0.21015625 0.59296875 0.0328125 0.1484375
1 0.3375 0.54453125 0.0546875 0.0828125
2 0.38046875 0.6140625 0.034375 0.1671875
2 0.4578125 0.64609375 0.03125 0.184375
0 0.31328125 0.58515625 0.01015625 0.01171875