2 0.32890625 0.5109375 0.053125 0.1625
2 0.33671875 0.44140625 0.0484375 0.13125
2 0.41328125 0.39453125 0.0390625 0.1453125
2 0.52109375 0.34296875 0.0234375 0.1265625
2 0.578125 0.6484375 0.065625 0.21875
2 0.38359375 0.7640625 0.0546875 0.21171875
2 0.44296875 0.58515625 0.0203125 0.2078125
2 0.4546875 0.60546875 0.040625 0.184375
2 0.4671875 0.5453125 0.0234375 0.075
2 0.24765625 0.525 0.04375 0.1828125
2 0.2453125 0.38671875 0.034375 0.140625
3 0.11328125 0.77109375 0.05 0.2265625
3 0.628125 0.4046875 0.03125 0.146875
1 0.6828125 0.47421875 0.0546875 0.1703125