3 0.18203125 0.4171875 0.0375 0.1453125
3 0.9359375 0.54140625 0.0453125 0.16875
1 0.78046875 0.4625 0.0390625 0.15
2 0.60859375 0.290625 0.04375 0.1265625
2 0.51015625 0.371875 0.04375 0.125
2 0.4640625 0.4484375 0.0421875 0.134375
2 0.28828125 0.38984375 0.053125 0.125
2 0.38203125 0.5359375 0.046875 0.171875
2 0.490625 0.60546875 0.040625 0.1484375
2 0.51015625 0.5328125 0.05 0.1359375
2 0.45859375 0.57734375 0.0390625 0.14375
2 0.4984375 0.72734375 0.04375 0.1796875
2 0.5578125 0.6578125 0.05 0.1640625
2 0.7640625 0.65859375 0.0484375 0.190625