2 0.70390625 0.74453125 0.046875 0.20625
2 0.70078125 0.59765625 0.0296875 0.15
2 0.57734375 0.5734375 0.034375 0.11875
2 0.64765625 0.4875 0.0359375 0.1234375
2 0.53671875 0.48671875 0.0171875 0.09375
2 0.57109375 0.4625 0.01875 0.0921875
2 0.43828125 0.52265625 0.021875 0.109375
2 0.54921875 0.8828125 0.0484375 0.1984375
2 0.4875 0.79609375 0.046875 0.1921875
2 0.33046875 0.76953125 0.0453125 0.1875
2 0.24296875 0.5828125 0.0265625 0.15
2 0.3 0.534375 0.0328125 0.121875
3 0.371875 0.428125 0.0234375 0.090625
1 0.12265625 0.56796875 0.040625 0.14375