2 0.140625 0.453125 0.05625 0.1921875
2 0.3015625 0.5109375 0.03125 0.1375
2 0.3296875 0.49375 0.0359375 0.1328125
2 0.36953125 0.55 0.0453125 0.19375
2 0.3546875 0.54375 0.0328125 0.109375
2 0.41484375 0.59375 0.0734375 0.20625
2 0.58125 0.665625 0.0515625 0.184375
2 0.615625 0.8375 0.046875 0.2453125
2 0.7640625 0.73203125 0.0421875 0.2
2 0.984375 0.82734375 0.0296875 0.2625
2 0.3546875 0.40625 0.0265625 0.1359375
2 0.43125 0.325 0.0359375 0.121875
1 0.6609375 0.471875 0.0578125 0.1625
3 0.8828125 0.56171875 0.0328125 0.2046875