2 0.1421875 0.596875 0.05625 0.2234375
2 0.340625 0.77265625 0.0703125 0.2796875
2 0.3640625 0.540625 0.0578125 0.2265625
2 0.5125 0.46875 0.0515625 0.2015625
2 0.5375 0.43515625 0.03125 0.1890625
2 0.58125 0.42890625 0.0453125 0.1734375
2 0.67578125 0.35859375 0.040625 0.1625
2 0.82578125 0.36015625 0.0484375 0.1859375
2 0.7078125 0.5984375 0.0828125 0.21875
3 0.321875 0.2953125 0.0359375 0.171875
3 0.86171875 0.83125 0.07578125 0.3046875
1 0.190625 0.3921875 0.0578125 0.1953125
2 0.46328125 0.2484375 0.0328125 0.1453125