2 0.0515625 0.4546875 0.059375 0.1515625
2 0.2125 0.578125 0.0515625 0.1640625
2 0.2515625 0.51015625 0.053125 0.15
2 0.253125 0.41015625 0.0296875 0.0703125
2 0.3109375 0.54453125 0.04375 0.178125
2 0.29296875 0.48828125 0.025 0.1546875
2 0.3296875 0.5109375 0.03125 0.1828125
2 0.396875 0.571875 0.05625 0.16875
2 0.4125 0.52109375 0.09375 0.1046875
2 0.671875 0.68203125 0.0578125 0.2203125
2 0.37578125 0.38515625 0.0640625 0.1015625
1 0.64140625 0.471875 0.0328125 0.159375
3 0.7546875 0.53671875 0.0421875 0.1765625