2 0.15 0.51640625 0.04296875 0.1578125
2 0.23828125 0.415625 0.053125 0.121875
2 0.45859375 0.46953125 0.03125 0.146875
2 0.4453125 0.4171875 0.0140625 0.096875
2 0.4796875 0.45 0.0296875 0.15625
2 0.50390625 0.378125 0.03125 0.13125
2 0.5640625 0.31328125 0.0296875 0.1046875
2 0.4953125 0.55 0.0375 0.1515625
2 0.521875 0.6203125 0.0390625 0.1671875
2 0.559375 0.615625 0.0546875 0.17578125
2 0.74296875 0.6578125 0.0484375 0.175
2 0.903125 0.71328125 0.0421875 0.1859375
2 0.43828125 0.8015625 0.053125 0.190625
3 0.02890625 0.446875 0.034375 0.109375
3 0.90078125 0.5515625 0.04140625 0.15390625
1 0.7109375 0.45703125 0.040625 0.1328125