3 0.17265625 0.534375 0.0390625 0.209375
1 0.37421875 0.4984375 0.0765625 0.115625
2 0.08046875 0.75859375 0.0671875 0.221875
2 0.30546875 0.68828125 0.053125 0.2625
2 0.528125 0.61796875 0.0578125 0.2171875
2 0.678125 0.6390625 0.0515625 0.1796875
2 0.68046875 0.52890625 0.04375 0.1203125
2 0.58984375 0.8421875 0.06875 0.225
2 0.5609375 0.78515625 0.08125 0.215625
2 0.540625 0.76953125 0.071875 0.10625
2 0.7859375 0.45390625 0.0515625 0.1703125
2 0.74921875 0.38515625 0.0421875 0.1515625
2 0.70546875 0.2953125 0.028125 0.146875
2 0.971875 0.46328125 0.0421875 0.1890625