2 0.1109375 0.671875 0.0328125 0.184375
2 0.2765625 0.59609375 0.0296875 0.171875
2 0.45078125 0.5703125 0.025 0.165625
2 0.5984375 0.53515625 0.028125 0.1578125
2 0.87734375 0.6 0.046875 0.1609375
2 0.57734375 0.415625 0.0234375 0.103125
2 0.59140625 0.4640625 0.028125 0.1125
2 0.615625 0.4453125 0.028125 0.09375
2 0.61953125 0.425 0.0203125 0.09375
2 0.66796875 0.40390625 0.021875 0.10625
2 0.70859375 0.40859375 0.0234375 0.1015625
3 0.17890625 0.5359375 0.040625 0.13125
3 0.88828125 0.5015625 0.0265625 0.1328125
1 0.31796875 0.4515625 0.025 0.115625