2 0.09609375 0.71796875 0.0328125 0.1953125
2 0.275 0.63515625 0.0390625 0.153125
2 0.5015625 0.659375 0.04375 0.146875
2 0.590625 0.71640625 0.0390625 0.1734375
2 0.5578125 0.57578125 0.0390625 0.1328125
2 0.5828125 0.59609375 0.0359375 0.1125
2 0.55703125 0.38515625 0.025 0.125
2 0.48828125 0.31171875 0.01875 0.1203125
2 0.6765625 0.44609375 0.0328125 0.1390625
2 0.759375 0.6171875 0.0390625 0.1484375
2 0.88046875 0.621875 0.03125 0.171875
2 0.79375 0.37109375 0.0265625 0.121875
1 0.303125 0.46328125 0.0265625 0.1203125
3 0.3625 0.39140625 0.025 0.121875