1 0.86484375 0.43125 0.040625 0.15625
3 0.76953125 0.3125 0.0359375 0.1359375
3 0.20234375 0.72265625 0.071875 0.2296875
2 0.2109375 0.32890625 0.0375 0.146875
2 0.39921875 0.40703125 0.05625 0.1515625
2 0.3828125 0.55546875 0.04375 0.1515625
2 0.471875 0.553125 0.05625 0.165625
2 0.509375 0.83515625 0.06875 0.234375
2 0.60703125 0.66640625 0.05625 0.2296875
2 0.571875 0.4859375 0.04375 0.15
2 0.54140625 0.42265625 0.0421875 0.1453125
2 0.56640625 0.3375 0.0390625 0.153125
2 0.64609375 0.23359375 0.028125 0.1453125
2 0.88828125 0.64765625 0.065625 0.2078125