3 0.9515625 0.525 0.0328125 0.1859375
1 0.7671875 0.43671875 0.0484375 0.1609375
2 0.73984375 0.63046875 0.0375 0.1921875
2 0.34921875 0.85 0.065625 0.225
2 0.41640625 0.603125 0.0625 0.2078125
2 0.49453125 0.578125 0.05 0.196875
2 0.2984375 0.51796875 0.04375 0.190625
2 0.3078125 0.2953125 0.05625 0.140625
2 0.38125 0.31875 0.03125 0.153125
2 0.41640625 0.49765625 0.0578125 0.13125
2 0.41953125 0.459375 0.046875 0.13125
2 0.44453125 0.45078125 0.0453125 0.1421875
2 0.3890625 0.44296875 0.0375 0.1328125
0 0.29921875 0.51640625 0.02109375 0.02734375