1 0.90625 0.44140625 0.0296875 0.1921875
3 0.815625 0.32578125 0.025 0.1421875
3 0.2359375 0.709375 0.034375 0.2234375
2 0.27890625 0.32890625 0.0296875 0.1453125
2 0.3765625 0.38203125 0.040625 0.1375
2 0.29453125 0.5453125 0.0453125 0.171875
2 0.55859375 0.86875 0.053125 0.240625
2 0.6390625 0.675 0.0390625 0.203125
2 0.94140625 0.6828125 0.05 0.2
2 0.57109375 0.528125 0.0390625 0.1515625
2 0.578125 0.4703125 0.0234375 0.1328125
2 0.60546875 0.48359375 0.0359375 0.171875
2 0.6140625 0.3484375 0.0265625 0.1515625
2 0.665625 0.26171875 0.0234375 0.128125