2 0.98046875 0.6421875 0.0390625 0.1875
3 0.846875 0.4828125 0.0265625 0.1765625
1 0.6515625 0.3875 0.046875 0.1359375
2 0.7359375 0.64375 0.0515625 0.1515625
2 0.540625 0.6640625 0.0578125 0.14375
2 0.56328125 0.59921875 0.05 0.14375
2 0.52578125 0.559375 0.0359375 0.178125
2 0.46484375 0.5703125 0.046875 0.1875
2 0.3859375 0.521875 0.0453125 0.1734375
2 0.240625 0.365625 0.040625 0.1671875
2 0.27890625 0.2796875 0.040625 0.1421875
2 0.415625 0.19453125 0.0265625 0.1296875
2 0.06328125 0.55625 0.065625 0.16875
2 0.03359375 0.26796875 0.0390625 0.140625