2 0.2328125 0.67265625 0.0515625 0.1984375
2 0.38984375 0.74921875 0.0765625 0.184375
2 0.41796875 0.62421875 0.04375 0.1734375
2 0.42265625 0.5515625 0.0625 0.178125
2 0.4734375 0.6515625 0.05 0.1875
2 0.4984375 0.5796875 0.05 0.1484375
2 0.5515625 0.46015625 0.0546875 0.153125
2 0.63046875 0.5421875 0.0609375 0.1875
2 0.70078125 0.4609375 0.0359375 0.1328125
2 0.7125 0.38046875 0.04375 0.1234375
2 0.77109375 0.421875 0.053125 0.1484375
3 0.3265625 0.4 0.03125 0.125
3 0.7578125 0.68984375 0.078125 0.146875
1 0.26328125 0.5171875 0.1 0.11875