1 0.915625 0.4109375 0.0515625 0.1890625
3 0.80390625 0.28828125 0.046875 0.1734375
3 0.4203125 0.86484375 0.0546875 0.259375
2 0.5765625 0.91953125 0.0625 0.1609375
2 0.1515625 0.54140625 0.05 0.2234375
2 0.35546875 0.27421875 0.0296875 0.178125
2 0.48203125 0.45078125 0.046875 0.1984375
2 0.71953125 0.62109375 0.059375 0.1796875
2 0.7109375 0.64375 0.03125 0.2140625
2 0.6765625 0.5390625 0.0359375 0.2015625
2 0.51953125 0.34765625 0.03125 0.1515625
2 0.55 0.33203125 0.028125 0.1828125
2 0.52265625 0.303125 0.028125 0.146875