2 0.28359375 0.6390625 0.05 0.1828125
2 0.45078125 0.55 0.03125 0.18125
2 0.49765625 0.59453125 0.0625 0.175
2 0.5203125 0.52265625 0.0328125 0.1640625
2 0.52421875 0.40390625 0.046875 0.1078125
2 0.40390625 0.34609375 0.0359375 0.121875
2 0.6140625 0.6875 0.0515625 0.1859375
2 0.77578125 0.5796875 0.0375 0.1265625
2 0.77734375 0.453125 0.059375 0.1203125
2 0.91953125 0.4171875 0.05 0.153125
3 0.7921875 0.721875 0.0453125 0.1953125
1 0.25390625 0.471875 0.0359375 0.1484375
3 0.2859375 0.41484375 0.034375 0.1328125