2 0.0296875 0.69609375 0.0375 0.184375
2 0.35546875 0.65625 0.0421875 0.1609375
2 0.49453125 0.6421875 0.04375 0.1515625
2 0.540625 0.61328125 0.0328125 0.178125
2 0.5796875 0.59140625 0.0546875 0.1453125
2 0.6140625 0.4875 0.03125 0.1078125
2 0.59296875 0.4375 0.0203125 0.090625
2 0.68046875 0.53515625 0.0421875 0.1359375
2 0.80078125 0.51328125 0.040625 0.1296875
2 0.721875 0.64140625 0.0515625 0.1640625
2 0.65 0.76953125 0.065625 0.2171875
3 0.93359375 0.6875 0.040625 0.1796875
3 0.46484375 0.45390625 0.0296875 0.1125
1 0.35546875 0.52265625 0.0390625 0.1375