3 0.6515625 0.35859375 0.034375 0.146875
1 0.7171875 0.43671875 0.04375 0.1625
3 0.2125 0.75390625 0.046875 0.2203125
2 0.15703125 0.55 0.0578125 0.1953125
2 0.24921875 0.515625 0.0671875 0.16875
2 0.28515625 0.5 0.04375 0.178125
2 0.35078125 0.51640625 0.059375 0.165625
2 0.38515625 0.38359375 0.0546875 0.1609375
2 0.334375 0.2953125 0.0375 0.1390625
2 0.42734375 0.75234375 0.08125 0.2125
2 0.496875 0.61796875 0.0421875 0.171875
2 0.4703125 0.5515625 0.0421875 0.159375
2 0.490625 0.5078125 0.0484375 0.1875
2 0.65703125 0.6625 0.059375 0.2109375