2 0.0921875 0.76171875 0.071875 0.2421875
2 0.1125 0.6234375 0.053125 0.165625
2 0.34453125 0.73203125 0.06875 0.2078125
2 0.39765625 0.571875 0.06875 0.18125
2 0.2640625 0.453125 0.0625 0.140625
2 0.26875 0.36640625 0.0578125 0.08125
2 0.35859375 0.40078125 0.059375 0.15625
2 0.290625 0.31015625 0.053125 0.1421875
2 0.43515625 0.340625 0.040625 0.14375
2 0.4859375 0.2703125 0.0203125 0.11875
2 0.6609375 0.31953125 0.0421875 0.14375
2 0.865625 0.6171875 0.0640625 0.2203125
3 0.82890625 0.353125 0.0421875 0.15