2 0.125 0.4703125 0.059375 0.240625
2 0.2265625 0.50390625 0.0515625 0.2203125
2 0.20234375 0.37421875 0.046875 0.115625
2 0.40625 0.67109375 0.075 0.2015625
2 0.37734375 0.53515625 0.0578125 0.1828125
2 0.425 0.496875 0.0484375 0.2171875
2 0.35390625 0.440625 0.04375 0.1625
2 0.3703125 0.36640625 0.0578125 0.115625
2 0.403125 0.3640625 0.040625 0.1359375
2 0.52578125 0.2875 0.0390625 0.1828125
2 0.5921875 0.6265625 0.0328125 0.2765625
2 0.66640625 0.6234375 0.0578125 0.26875
3 0.68515625 0.3578125 0.0453125 0.2125
3 0.03671875 0.70078125 0.06875 0.2859375
1 0.753125 0.45625 0.04375 0.20625