2 0.14140625 0.50546875 0.07734375 0.190625
2 0.23359375 0.44140625 0.06875 0.16875
2 0.3296875 0.4078125 0.0515625 0.1734375
2 0.56875 0.6609375 0.071875 0.1921875
2 0.49453125 0.86328125 0.065625 0.2609375
2 0.82265625 0.89921875 0.0609375 0.184375
2 0.89921875 0.73125 0.05625 0.2171875
2 0.9015625 0.53984375 0.05625 0.2171875
2 0.8 0.54140625 0.07265625 0.228125
2 0.88046875 0.34375 0.0296875 0.1734375
2 0.9546875 0.43046875 0.0484375 0.1890625
2 0.7984375 0.28984375 0.034375 0.1578125
0 0.2875 0.42734375 0.01796875 0.02734375