2 0.1671875 0.6578125 0.0359375 0.165625
2 0.39921875 0.62734375 0.0421875 0.184375
2 0.42734375 0.653125 0.0375 0.1875
2 0.471875 0.62734375 0.0484375 0.146875
2 0.5640625 0.70625 0.05 0.1921875
2 0.89296875 0.621875 0.04375 0.2078125
2 0.61875 0.4375 0.0390625 0.15
2 0.55859375 0.53203125 0.0390625 0.1515625
2 0.471875 0.38828125 0.0265625 0.14375
2 0.659375 0.34296875 0.01875 0.1421875
2 0.36875 0.28515625 0.021875 0.1140625
3 0.2671875 0.37265625 0.0234375 0.134375
3 0.7 0.8171875 0.05 0.2125
1 0.1859375 0.48125 0.034375 0.1453125