1 0.7 0.41171875 0.04375 0.1640625
3 0.65859375 0.35859375 0.03125 0.146875
3 0.0140625 0.684375 0.028125 0.21875
2 0.259375 0.49375 0.05625 0.1828125
2 0.2546875 0.3546875 0.0421875 0.1421875
2 0.4578125 0.703125 0.0546875 0.2125
2 0.63359375 0.6078125 0.04375 0.184375
2 0.45390625 0.53828125 0.0390625 0.1546875
2 0.39296875 0.46875 0.0390625 0.1484375
2 0.35703125 0.4078125 0.0375 0.15625
2 0.38828125 0.425 0.046875 0.1375
2 0.43359375 0.35078125 0.0296875 0.125
2 0.54453125 0.29921875 0.0296875 0.1171875