2 0.34921875 0.3625 0.0453125 0.128125
2 0.384375 0.38671875 0.0296875 0.159375
2 0.43125 0.48828125 0.0703125 0.1578125
2 0.4921875 0.675 0.0578125 0.20625
2 0.53671875 0.596875 0.0484375 0.2109375
2 0.61484375 0.62421875 0.065625 0.215625
2 0.83828125 0.6546875 0.071875 0.209375
2 0.921875 0.8125 0.078125 0.1890625
2 0.36953125 0.8203125 0.0921875 0.21171875
2 0.08125 0.72421875 0.071875 0.159375
2 0.02421875 0.584375 0.0484375 0.1984375
3 0.56171875 0.309375 0.0390625 0.14375
1 0.66015625 0.43359375 0.0515625 0.1453125