2 0.1078125 0.55234375 0.071875 0.153125
2 0.13046875 0.46640625 0.05 0.1359375
2 0.240625 0.47109375 0.0421875 0.13125
2 0.2796875 0.55390625 0.0390625 0.14375
2 0.3015625 0.5296875 0.0390625 0.1515625
2 0.34375 0.41640625 0.0328125 0.121875
2 0.4078125 0.36171875 0.04375 0.1125
2 0.390625 0.58828125 0.0421875 0.16875
2 0.3921875 0.48828125 0.0328125 0.0546875
2 0.4234375 0.59375 0.0546875 0.1515625
2 0.42578125 0.4859375 0.034375 0.0625
3 0.54296875 0.4109375 0.0296875 0.1375
1 0.6609375 0.5453125 0.0546875 0.1140625