1 0.68203125 0.43984375 0.0421875 0.1390625
3 0.5453125 0.32265625 0.03125 0.1359375
3 0.03671875 0.90234375 0.0546875 0.1953125
2 0.16328125 0.4046875 0.040625 0.1265625
2 0.28046875 0.47890625 0.0515625 0.128125
2 0.303125 0.59921875 0.0609375 0.184375
2 0.4046875 0.540625 0.0421875 0.153125
2 0.453125 0.5609375 0.04375 0.14375
2 0.425 0.51015625 0.0453125 0.14375
2 0.3703125 0.3953125 0.0265625 0.1578125
2 0.43984375 0.275 0.025 0.1109375
2 0.55546875 0.63203125 0.046875 0.1765625
2 0.609375 0.64921875 0.0421875 0.1796875
2 0.66640625 0.653125 0.0484375 0.1953125