2 0.265625 0.340625 0.0484375 0.1703125
2 0.315625 0.44609375 0.04375 0.178125
2 0.40390625 0.459375 0.040625 0.1890625
2 0.46328125 0.5125 0.040625 0.1703125
2 0.465625 0.45703125 0.0578125 0.134375
2 0.45 0.375 0.0265625 0.084375
2 0.5109375 0.353125 0.0296875 0.1546875
2 0.54921875 0.29140625 0.0203125 0.1390625
2 0.55390625 0.66640625 0.0390625 0.203125
2 0.83671875 0.7234375 0.028125 0.2109375
2 0.48359375 0.8890625 0.034375 0.209375
3 0.7171875 0.346875 0.0296875 0.1421875
3 0.16171875 0.5890625 0.053125 0.1828125
1 0.79921875 0.459375 0.040625 0.1640625
0 0.3296875 0.43359375 0.00859375 0.02109375