3 0.13671875 0.5453125 0.046875 0.16875
2 0.3578125 0.4859375 0.0703125 0.1203125
2 0.5390625 0.315625 0.0421875 0.10859375
2 0.628125 0.49453125 0.03125 0.153125
2 0.6296875 0.39296875 0.034375 0.134375
2 0.659375 0.54375 0.034375 0.165625
2 0.78125 0.43828125 0.0484375 0.14375
2 0.84921875 0.746875 0.065625 0.21328125
2 0.5390625 0.63046875 0.053125 0.2046875
2 0.55703125 0.67421875 0.053125 0.153125
2 0.43671875 0.63984375 0.0390625 0.171875
2 0.375 0.646875 0.0578125 0.1828125
2 0.27734375 0.6875 0.0671875 0.1796875
1 0.35546875 0.48046875 0.05703125 0.13515625