2 0.08828125 0.5359375 0.0453125 0.16875
2 0.1015625 0.69140625 0.075 0.1796875
2 0.22265625 0.784375 0.0921875 0.190625
2 0.40234375 0.45078125 0.0421875 0.146875
2 0.41015625 0.365625 0.034375 0.1015625
2 0.4671875 0.38984375 0.021875 0.125
2 0.45546875 0.57109375 0.0453125 0.1671875
2 0.56484375 0.6359375 0.078125 0.15625
2 0.73046875 0.6390625 0.0546875 0.1484375
2 0.5890625 0.5625 0.028125 0.1625
2 0.5625 0.48203125 0.028125 0.1453125
1 0.73046875 0.5046875 0.059375 0.1546875
3 0.909375 0.53203125 0.034375 0.1609375
2 0.765625 0.74375 0.0609375 0.14375