3 0.82734375 0.8625 0.0390625 0.2140625
3 0.340625 0.3375 0.0328125 0.14375
2 0.24765625 0.8796875 0.053125 0.2046875
2 0.6 0.86171875 0.0484375 0.2484375
2 0.5265625 0.61875 0.0359375 0.1671875
2 0.5578125 0.6390625 0.0359375 0.1796875
2 0.81875 0.4875 0.040625 0.1578125
2 0.69375 0.44609375 0.028125 0.1578125
2 0.60078125 0.43359375 0.028125 0.1421875
2 0.634375 0.4328125 0.05 0.1125
2 0.5875 0.36328125 0.0328125 0.16875
2 0.61640625 0.38203125 0.034375 0.121875
2 0.31171875 0.6734375 0.0546875 0.196875
2 0.575 0.53671875 0.040625 0.1578125
1 0.26328125 0.45390625 0.0390625 0.1578125