1 0.621875 0.47265625 0.0390625 0.1171875
3 0.76953125 0.5359375 0.025 0.1484375
2 0.90546875 0.66640625 0.0375 0.165625
2 0.384375 0.5109375 0.0375 0.1671875
2 0.3875 0.39453125 0.0234375 0.115625
2 0.4140625 0.35078125 0.0359375 0.10625
2 0.29140625 0.6484375 0.04375 0.1828125
2 0.4578125 0.75234375 0.0546875 0.1859375
2 0.44609375 0.61953125 0.0609375 0.146875
2 0.36953125 0.5671875 0.0359375 0.16875
2 0.3359375 0.50390625 0.0375 0.159375
2 0.6890625 0.64296875 0.04765625 0.16171875
2 0.353125 0.4953125 0.0234375 0.1453125