2 0.24296875 0.5828125 0.03125 0.1875
2 0.4546875 0.69296875 0.0390625 0.2078125
2 0.79375 0.634375 0.0328125 0.1984375
2 0.5515625 0.6046875 0.03125 0.1765625
2 0.50234375 0.50703125 0.03125 0.159375
2 0.52890625 0.534375 0.0359375 0.15
2 0.3859375 0.4359375 0.025 0.140625
2 0.5296875 0.4921875 0.0328125 0.1453125
2 0.5328125 0.39921875 0.028125 0.13125
1 0.7921875 0.47109375 0.04375 0.15
3 0.975 0.553125 0.0296875 0.175
3 0.09609375 0.48671875 0.0265625 0.159375
2 0.17421875 0.4015625 0.03125 0.1359375