2 0.92421875 0.4390625 0.03125 0.159375
2 0.81875 0.6015625 0.0390625 0.2046875
2 0.715625 0.45546875 0.0359375 0.1453125
2 0.659375 0.33984375 0.0203125 0.1359375
2 0.59140625 0.396875 0.0328125 0.1203125
2 0.5578125 0.5078125 0.040625 0.1609375
2 0.46875 0.49921875 0.0296875 0.140625
2 0.5078125 0.49609375 0.034375 0.1625
2 0.45234375 0.60859375 0.0546875 0.1796875
2 0.48046875 0.67109375 0.0484375 0.171875
2 0.290625 0.603125 0.05 0.16875
2 0.16484375 0.64375 0.0609375 0.1875
1 0.27734375 0.4453125 0.0421875 0.14375
3 0.11484375 0.51640625 0.0359375 0.1625