2 0.0140625 0.75625 0.028125 0.1875
2 0.30859375 0.6734375 0.0375 0.1984375
2 0.46953125 0.571875 0.0484375 0.1625
2 0.51640625 0.58828125 0.03125 0.184375
2 0.55078125 0.59140625 0.0453125 0.171875
2 0.51015625 0.46640625 0.0328125 0.1515625
2 0.55546875 0.39921875 0.04375 0.125
2 0.525 0.3328125 0.028125 0.1078125
2 0.5828125 0.50703125 0.0390625 0.1671875
2 0.63125 0.484375 0.034375 0.1546875
2 0.71171875 0.53203125 0.04375 0.1796875
2 0.77890625 0.3828125 0.028125 0.1484375
3 0.6765625 0.7375 0.046875 0.1796875
3 0.35 0.3796875 0.0390625 0.1265625
1 0.26328125 0.47890625 0.0625 0.121875