2 0.21015625 0.7625 0.08125 0.19921875
2 0.18515625 0.38359375 0.0375 0.1421875
2 0.36171875 0.453125 0.053125 0.146875
2 0.5 0.3828125 0.04375 0.1296875
2 0.4703125 0.6234375 0.0640625 0.1765625
2 0.51875 0.515625 0.034375 0.1765625
2 0.57265625 0.52578125 0.0359375 0.153125
2 0.58046875 0.7046875 0.0703125 0.171875
2 0.546875 0.81015625 0.0765625 0.215625
2 0.81484375 0.66328125 0.0640625 0.165625
2 0.59140625 0.31015625 0.0234375 0.13125
3 0.909375 0.540625 0.03125 0.1734375
1 0.78046875 0.4703125 0.04375 0.1828125