1 0.39765625 0.4375 0.0890625 0.146875
3 0.56875 0.284375 0.0296875 0.159375
3 0.66796875 0.9046875 0.0671875 0.190625
2 0.08203125 0.65 0.0359375 0.1828125
2 0.24453125 0.65859375 0.0890625 0.2140625
2 0.47109375 0.69765625 0.0578125 0.228125
2 0.43984375 0.6109375 0.0890625 0.2109375
2 0.56015625 0.5859375 0.078125 0.2234375
2 0.6484375 0.63515625 0.0625 0.2359375
2 0.6890625 0.5390625 0.046875 0.2265625
2 0.65546875 0.5015625 0.0578125 0.1890625
2 0.91640625 0.48046875 0.0515625 0.2
2 0.7890625 0.37265625 0.0484375 0.1734375
2 0.7765625 0.27734375 0.0375 0.15625