3 0.94765625 0.62265625 0.025 0.18125
3 0.07109375 0.484375 0.0390625 0.1765625
1 0.753125 0.5109375 0.028125 0.15625
2 0.59375 0.3359375 0.03125 0.121875
2 0.746875 0.71796875 0.046875 0.1828125
2 0.52109375 0.59921875 0.040625 0.175
2 0.48828125 0.5875 0.0453125 0.1875
2 0.4546875 0.6546875 0.040625 0.215625
2 0.3515625 0.74765625 0.05 0.190625
2 0.3 0.503125 0.0375 0.1546875
2 0.3046875 0.4296875 0.03125 0.134375
2 0.4015625 0.49765625 0.0421875 0.165625
2 0.42890625 0.45546875 0.0328125 0.1546875
2 0.51640625 0.409375 0.03125 0.125