2 0.734375 0.61640625 0.0453125 0.1796875
2 0.43125 0.72734375 0.0375 0.2234375
2 0.43671875 0.6 0.0390625 0.1265625
2 0.4578125 0.50859375 0.046875 0.159375
2 0.39296875 0.52265625 0.0296875 0.14375
2 0.3875 0.48203125 0.0375 0.146875
2 0.42734375 0.428125 0.0328125 0.1375
2 0.46875 0.3796875 0.025 0.1359375
2 0.1359375 0.52421875 0.0296875 0.1640625
2 0.2796875 0.3734375 0.0453125 0.1328125
3 0.04609375 0.42890625 0.03125 0.1515625
3 0.9265625 0.51796875 0.0296875 0.171875
1 0.74921875 0.453125 0.03125 0.1625