1 0.81953125 0.41484375 0.0390625 0.1671875
3 0.1515625 0.3140625 0.040625 0.146875
2 0.19140625 0.5234375 0.053125 0.1953125
2 0.22421875 0.32109375 0.040625 0.15
2 0.36328125 0.3703125 0.078125 0.1453125
2 0.55546875 0.48046875 0.03125 0.171875
2 0.54375 0.45859375 0.0234375 0.1703125
2 0.55 0.36484375 0.03125 0.0484375
2 0.5609375 0.3203125 0.028125 0.1265625
2 0.64921875 0.2328125 0.0421875 0.1328125
2 0.86015625 0.61484375 0.053125 0.215625
2 0.46171875 0.6859375 0.0375 0.228125
2 0.32265625 0.796875 0.0640625 0.26875