3 0.95390625 0.5859375 0.0375 0.1625
1 0.73203125 0.43359375 0.0390625 0.1453125
2 0.6515625 0.6578125 0.0390625 0.1609375
2 0.459375 0.734375 0.0390625 0.1890625
2 0.46875 0.55078125 0.0484375 0.1359375
2 0.44296875 0.51328125 0.03125 0.125
2 0.40078125 0.54453125 0.040625 0.1296875
2 0.2125 0.52734375 0.025 0.128125
2 0.1984375 0.40546875 0.028125 0.125
2 0.36328125 0.42890625 0.0421875 0.1078125
2 0.41171875 0.375 0.0328125 0.1171875
2 0.3453125 0.33671875 0.0328125 0.1171875
2 0.0484375 0.90390625 0.046875 0.190625