2 0.73984375 0.26640625 0.0359375 0.165625
2 0.78203125 0.3546875 0.0578125 0.1734375
2 0.84453125 0.47421875 0.046875 0.2484375
2 0.9765625 0.38359375 0.0390625 0.1828125
2 0.9828125 0.70390625 0.034375 0.1984375
2 0.2640625 0.7984375 0.0875 0.234375
2 0.33203125 0.6734375 0.03125 0.2546875
2 0.40078125 0.5140625 0.040625 0.20625
2 0.55078125 0.5484375 0.0328125 0.2203125
2 0.60546875 0.609375 0.053125 0.215625
2 0.70078125 0.55234375 0.0625 0.1984375
2 0.73359375 0.50234375 0.0421875 0.2
1 0.44375 0.43046875 0.0375 0.1921875
3 0.51484375 0.28515625 0.0421875 0.1734375