3 0.8015625 0.74296875 0.0453125 0.2
1 0.2828125 0.47109375 0.0328125 0.140625
3 0.32265625 0.40703125 0.0203125 0.1234375
2 0.2953125 0.63203125 0.03125 0.171875
2 0.465625 0.55234375 0.021875 0.1671875
2 0.4984375 0.603125 0.0265625 0.1734375
2 0.521875 0.54140625 0.034375 0.1515625
2 0.5546875 0.40703125 0.034375 0.1078125
2 0.79921875 0.45859375 0.034375 0.1046875
2 0.925 0.4109375 0.0265625 0.140625
2 0.7375 0.66484375 0.0390625 0.1796875
2 0.6671875 0.64609375 0.0453125 0.175
2 0.43671875 0.35234375 0.021875 0.11875