2 0.628125 0.725 0.046875 0.1703125
2 0.52578125 0.72109375 0.059375 0.165625
2 0.5625 0.6765625 0.04375 0.1921875
2 0.5375 0.6265625 0.0328125 0.16875
2 0.5046875 0.6046875 0.0390625 0.1453125
2 0.32578125 0.53671875 0.034375 0.1515625
2 0.31953125 0.44453125 0.03125 0.1453125
2 0.4078125 0.37890625 0.0390625 0.13125
2 0.11015625 0.5359375 0.040625 0.184375
2 0.1125 0.425 0.0265625 0.13125
2 0.4796875 0.3 0.021875 0.1125
2 0.58515625 0.93828125 0.046875 0.1234375
1 0.67890625 0.4609375 0.0421875 0.15
3 0.92890625 0.55625 0.0421875 0.196875