2 0.95703125 0.74140625 0.0296875 0.0984375
2 0.80234375 0.66796875 0.0265625 0.078125
2 0.775 0.67421875 0.0203125 0.0734375
2 0.74609375 0.63671875 0.015625 0.075
2 0.72734375 0.6109375 0.0109375 0.0578125
2 0.71953125 0.59609375 0.0125 0.05625
1 0.8859375 0.64921875 0.01875 0.075
3 0.853125 0.61328125 0.0171875 0.0578125
2 0.5296875 0.8171875 0.0203125 0.10625
2 0.496875 0.771875 0.0171875 0.103125
2 0.51015625 0.64921875 0.0140625 0.078125
2 0.4484375 0.64921875 0.0125 0.075
2 0.4890625 0.5921875 0.0109375 0.059375
2 0.50234375 0.58515625 0.0109375 0.0515625
3 0.44921875 0.7109375 0.0171875 0.0890625
1 0.11640625 0.64375 0.0171875 0.0703125