2 0.2734375 0.7046875 0.0609375 0.2078125
2 0.43046875 0.7984375 0.078125 0.2078125
2 0.428125 0.62734375 0.0453125 0.1765625
2 0.65234375 0.640625 0.0515625 0.1890625
2 0.634375 0.33359375 0.0359375 0.1234375
2 0.56953125 0.38359375 0.0375 0.1296875
2 0.503125 0.55 0.05 0.184375
2 0.5375 0.58828125 0.028125 0.165625
2 0.5625 0.62890625 0.0359375 0.1609375
2 0.59296875 0.63828125 0.0609375 0.14375
2 0.56875 0.5140625 0.0484375 0.103125
3 0.82734375 0.43125 0.04375 0.1625
3 0.0625 0.55859375 0.053125 0.184375
1 0.21796875 0.4734375 0.040625 0.1546875