1 0.0890625 0.41015625 0.034375 0.1328125
3 0.25625 0.32421875 0.0328125 0.1125
3 0.9890625 0.41171875 0.021875 0.1328125
2 0.24296875 0.55625 0.046875 0.1453125
2 0.2546875 0.7859375 0.0484375 0.1984375
2 0.40078125 0.87421875 0.084375 0.1890625
2 0.5265625 0.85234375 0.0703125 0.228125
2 0.35390625 0.70625 0.040625 0.171875
2 0.43359375 0.565625 0.0375 0.1359375
2 0.6265625 0.56015625 0.0515625 0.165625
2 0.43828125 0.459375 0.04375 0.1
2 0.51796875 0.46953125 0.0390625 0.109375
2 0.64453125 0.40390625 0.0421875 0.1453125
2 0.5890625 0.3203125 0.034375 0.1078125
2 0.5015625 0.35703125 0.046875 0.1015625