2 0.03671875 0.634375 0.04375 0.1765625
2 0.30625 0.640625 0.0453125 0.1828125
2 0.3953125 0.50703125 0.028125 0.1703125
2 0.4140625 0.42109375 0.0390625 0.1453125
2 0.48125 0.35703125 0.0515625 0.1171875
2 0.32109375 0.31015625 0.028125 0.1265625
2 0.253125 0.2640625 0.0296875 0.121875
2 0.6734375 0.32578125 0.046875 0.121875
2 0.51171875 0.44140625 0.034375 0.1390625
2 0.428125 0.8234375 0.0546875 0.23125
2 0.80546875 0.63125 0.05 0.196875
3 0.68671875 0.8296875 0.0390625 0.2140625
3 0.13125 0.35078125 0.03125 0.125
1 0.07421875 0.42734375 0.040625 0.1359375