2 0.075 0.6625 0.05 0.153125
2 0.34921875 0.6703125 0.05 0.1546875
2 0.48984375 0.81875 0.0484375 0.178125
2 0.5015625 0.6703125 0.04375 0.1453125
2 0.53046875 0.6140625 0.0390625 0.128125
2 0.56875 0.609375 0.0390625 0.140625
2 0.63125 0.57890625 0.0359375 0.165625
2 0.7375 0.6421875 0.0390625 0.1546875
2 0.85703125 0.49609375 0.0265625 0.121875
2 0.684375 0.51796875 0.03125 0.125
2 0.62890625 0.47109375 0.0265625 0.090625
2 0.5765625 0.43359375 0.021875 0.0828125
1 0.4015625 0.51953125 0.046875 0.1203125
3 0.284375 0.56796875 0.0390625 0.121875
3 0.9640625 0.596875 0.034375 0.1390625
3 0.8703125 0.675 0.0015625 0.0015625