1 0.3296875 0.42265625 0.046875 0.1546875
3 0.178125 0.49453125 0.03125 0.1609375
2 0.0203125 0.61640625 0.0296875 0.16875
2 0.35859375 0.571875 0.0375 0.1875
2 0.51953125 0.55234375 0.0421875 0.1765625
2 0.4984375 0.48984375 0.034375 0.0921875
2 0.60625 0.72109375 0.0578125 0.1875
2 0.66640625 0.56171875 0.059375 0.1515625
2 0.6125 0.51015625 0.0484375 0.171875
2 0.6171875 0.43984375 0.05 0.1234375
2 0.5609375 0.4421875 0.0296875 0.165625
2 0.5765625 0.42421875 0.03125 0.1640625
2 0.609375 0.3953125 0.0390625 0.1328125
2 0.7796875 0.36953125 0.0359375 0.115625
0 0.2796875 0.37890625 0.01328125 0.02109375