1 0.1921875 0.4171875 0.0375 0.153125
2 0.13828125 0.60703125 0.0375 0.1578125
2 0.30546875 0.55625 0.03125 0.1796875
2 0.353125 0.53125 0.0375 0.1546875
2 0.39453125 0.49296875 0.0390625 0.1640625
2 0.4703125 0.74453125 0.0578125 0.2203125
2 0.63046875 0.52109375 0.0296875 0.1796875
2 0.8921875 0.575 0.0390625 0.16875
2 0.81328125 0.37734375 0.034375 0.1578125
2 0.509375 0.41796875 0.028125 0.1359375
2 0.48359375 0.3640625 0.0296875 0.1421875
2 0.4125 0.30234375 0.0234375 0.109375
3 0.00859375 0.50234375 0.0171875 0.178125
0 0.9125 0.5171875 0.01640625 0.02421875