2 0.32109375 0.4484375 0.0546875 0.115625
2 0.3421875 0.36171875 0.0390625 0.1203125
2 0.40859375 0.44140625 0.046875 0.13125
2 0.39921875 0.36328125 0.028125 0.0828125
2 0.52578125 0.34765625 0.0265625 0.1203125
2 0.575 0.28203125 0.028125 0.09375
2 0.50703125 0.50703125 0.034375 0.14375
2 0.5359375 0.54453125 0.04375 0.15625
2 0.58046875 0.6234375 0.046875 0.1578125
2 0.4859375 0.77578125 0.05625 0.2046875
2 0.72734375 0.6421875 0.04375 0.159375
3 0.9625 0.5484375 0.034375 0.159375
3 0.0984375 0.4578125 0.0390625 0.1453125
1 0.7265625 0.4171875 0.0375 0.16875