2 0.765625 0.359375 0.0546875 0.1671875
2 0.9015625 0.76484375 0.046875 0.1921875
2 0.8484375 0.76796875 0.0578125 0.21875
2 0.909375 0.9328125 0.034375 0.134375
2 0.56953125 0.7875 0.05625 0.196875
2 0.61015625 0.54140625 0.04375 0.2078125
2 0.509375 0.41796875 0.0390625 0.1890625
2 0.5109375 0.46796875 0.0328125 0.14375
2 0.46796875 0.37265625 0.0390625 0.15625
2 0.3484375 0.4328125 0.0546875 0.1625
2 0.29765625 0.4921875 0.0515625 0.175
2 0.2375 0.6078125 0.0484375 0.16875
2 0.44609375 0.74375 0.071875 0.228125
3 0.3453125 0.3 0.0453125 0.13125
3 0.9515625 0.5875 0.08125 0.2