2 0.08203125 0.7234375 0.053125 0.225
2 0.33125 0.63125 0.0453125 0.1890625
2 0.47109375 0.58671875 0.034375 0.1890625
2 0.49765625 0.64140625 0.053125 0.1875
2 0.57265625 0.5890625 0.0609375 0.1859375
2 0.615625 0.65859375 0.0671875 0.1890625
2 0.690625 0.53515625 0.0546875 0.1625
2 0.91328125 0.60703125 0.0546875 0.2078125
2 0.7609375 0.41171875 0.0421875 0.16875
2 0.9390625 0.3484375 0.04375 0.1453125
2 0.6875 0.3328125 0.053125 0.1671875
2 0.54609375 0.22421875 0.0390625 0.1484375
3 0.171875 0.5203125 0.046875 0.175
1 0.3328125 0.43984375 0.0546875 0.15