2 0.32109375 0.65078125 0.04375 0.2265625
2 0.49609375 0.6421875 0.046875 0.23125
2 0.50625 0.59765625 0.06875 0.121875
2 0.7984375 0.61328125 0.071875 0.1875
2 0.69609375 0.46796875 0.0421875 0.1921875
2 0.765625 0.45859375 0.04375 0.1875
2 0.79375 0.37734375 0.034375 0.171875
2 0.86640625 0.44140625 0.0484375 0.2109375
2 0.90703125 0.4375 0.0765625 0.15625
2 0.9171875 0.3375 0.040625 0.1375
2 0.4984375 0.2921875 0.04375 0.1
3 0.23828125 0.5390625 0.046875 0.19375
1 0.2453125 0.48359375 0.046875 0.203125