2 0.2140625 0.6625 0.0453125 0.2109375
2 0.38203125 0.6140625 0.040625 0.225
2 0.48359375 0.8140625 0.0421875 0.221875
2 0.48984375 0.565625 0.0328125 0.1875
2 0.621875 0.59296875 0.05 0.2171875
2 0.57578125 0.37421875 0.046875 0.153125
2 0.73046875 0.33828125 0.0359375 0.1515625
2 0.45859375 0.3125 0.0421875 0.1484375
2 0.37265625 0.23515625 0.0328125 0.1375
2 0.4453125 0.4703125 0.0359375 0.18125
2 0.475 0.475 0.0375 0.1359375
3 0.26328125 0.32421875 0.03125 0.153125
3 0.66015625 0.8796875 0.04375 0.234375
1 0.18125 0.45078125 0.04375 0.175