2 0.165625 0.5671875 0.0546875 0.1828125
2 0.47421875 0.546875 0.040625 0.1953125
2 0.55 0.49140625 0.03125 0.16875
2 0.54296875 0.41015625 0.0234375 0.1140625
2 0.4390625 0.34453125 0.0265625 0.1484375
2 0.3625 0.29765625 0.01875 0.125
2 0.6796875 0.38828125 0.0375 0.146875
2 0.6578125 0.52265625 0.05 0.1453125
2 0.73359375 0.51484375 0.05625 0.1828125
2 0.8546875 0.640625 0.053125 0.2
2 0.79453125 0.36171875 0.0359375 0.1234375
3 0.92734375 0.40859375 0.028125 0.14375
3 0.02890625 0.47109375 0.0421875 0.1875
1 0.159375 0.409375 0.0296875 0.1640625