2 0.2015625 0.4453125 0.03125 0.15
2 0.27578125 0.5828125 0.0484375 0.1703125
2 0.334375 0.4515625 0.04375 0.134375
2 0.4046875 0.41484375 0.0453125 0.159375
2 0.4390625 0.34921875 0.0328125 0.10625
2 0.453125 0.5671875 0.0609375 0.153125
2 0.44375 0.48828125 0.0421875 0.090625
2 0.440625 0.46328125 0.0296875 0.128125
2 0.49140625 0.734375 0.0484375 0.20625
2 0.54453125 0.6796875 0.0640625 0.171875
2 0.75546875 0.67578125 0.053125 0.184375
1 0.73203125 0.49296875 0.0640625 0.15
3 0.6671875 0.415625 0.028125 0.15
3 0.13515625 0.834375 0.0734375 0.21875
2 0.9859375 0.6984375 0.028125 0.090625