3 0.925 0.65390625 0.0421875 0.2515625
2 0.46640625 0.884375 0.0734375 0.23125
2 0.2796875 0.7375 0.046875 0.23125
2 0.24375 0.57265625 0.065625 0.215625
2 0.43515625 0.50234375 0.0390625 0.2234375
2 0.5203125 0.42890625 0.0453125 0.1828125
2 0.67109375 0.5265625 0.0578125 0.1984375
2 0.6828125 0.4921875 0.053125 0.1703125
2 0.76875 0.36171875 0.0390625 0.1625
2 0.48125 0.36328125 0.0453125 0.165625
2 0.3578125 0.26953125 0.028125 0.146875
1 0.0984375 0.41796875 0.0421875 0.1984375
3 0.171875 0.33671875 0.0390625 0.1734375