3 0.84453125 0.81953125 0.059375 0.215625
3 0.37890625 0.3328125 0.03125 0.128125
2 0.465625 0.28203125 0.0390625 0.134375
2 0.62890625 0.371875 0.025 0.1484375
2 0.76640625 0.4171875 0.03125 0.15
2 0.45 0.7609375 0.0546875 0.2109375
2 0.3015625 0.68203125 0.071875 0.1796875
2 0.4453125 0.55859375 0.0390625 0.165625
2 0.4765625 0.53984375 0.0328125 0.171875
2 0.51796875 0.51953125 0.01875 0.153125
2 0.54296875 0.5296875 0.0296875 0.184375
2 0.57109375 0.54140625 0.0421875 0.1609375
2 0.5484375 0.42109375 0.0296875 0.090625
1 0.27734375 0.46015625 0.053125 0.1328125