1 0.2 0.525 0.03125 0.15
2 0.31640625 0.63125 0.06875 0.184375
2 0.44296875 0.62265625 0.0734375 0.171875
2 0.50390625 0.52109375 0.05 0.20625
2 0.53515625 0.56484375 0.0453125 0.175
2 0.5609375 0.4796875 0.0328125 0.1015625
2 0.584375 0.53671875 0.046875 0.18125
2 0.628125 0.52265625 0.0421875 0.171875
2 0.59140625 0.42734375 0.0375 0.0921875
2 0.6375 0.42734375 0.028125 0.125
2 0.58046875 0.3671875 0.0265625 0.0828125
2 0.91015625 0.48671875 0.040625 0.184375
2 0.48515625 0.34296875 0.034375 0.1265625
1 0.325 0.4640625 0.046875 0.146875