2 0.8484375 0.69140625 0.0578125 0.1765625
2 0.5796875 0.8625 0.0703125 0.1828125
2 0.44609375 0.70390625 0.05 0.1953125
2 0.51953125 0.5921875 0.0484375 0.165625
2 0.55546875 0.5515625 0.034375 0.175
2 0.634375 0.60625 0.0359375 0.16875
2 0.57734375 0.5328125 0.0390625 0.165625
2 0.61640625 0.5234375 0.040625 0.1703125
2 0.6609375 0.46015625 0.0390625 0.1484375
2 0.659375 0.4875 0.0359375 0.1578125
2 0.6265625 0.403125 0.053125 0.1109375
2 0.5890625 0.353125 0.0640625 0.1109375
1 0.29765625 0.48515625 0.0421875 0.15
3 0.38515625 0.3921875 0.0296875 0.1390625