1 0.165625 0.484375 0.0421875 0.1515625
3 0.390625 0.3328125 0.028125 0.10625
2 0.1765625 0.778125 0.071875 0.1671875
2 0.384375 0.6109375 0.04375 0.1921875
2 0.4203125 0.60546875 0.0375 0.1703125
2 0.49609375 0.6953125 0.078125 0.0828125
2 0.503125 0.75078125 0.0359375 0.203125
2 0.53125 0.52265625 0.0453125 0.1640625
2 0.546875 0.4359375 0.034375 0.06875
2 0.60390625 0.5109375 0.053125 0.1671875
2 0.60859375 0.34609375 0.0359375 0.11875
2 0.88984375 0.8171875 0.0734375 0.228125
2 0.9453125 0.4046875 0.0625 0.146875
2 0.965625 0.54921875 0.06875 0.1453125