2 0.915625 0.69765625 0.040625 0.13125
2 0.703125 0.6515625 0.0359375 0.15
2 0.59921875 0.6578125 0.0359375 0.14375
2 0.49296875 0.72734375 0.059375 0.134375
2 0.56953125 0.59453125 0.04375 0.125
2 0.515625 0.60859375 0.028125 0.1328125
2 0.46796875 0.59609375 0.0296875 0.15
2 0.4203125 0.62265625 0.028125 0.109375
2 0.4 0.521875 0.021875 0.1046875
2 0.40859375 0.5375 0.01875 0.125
2 0.409375 0.50078125 0.03125 0.09375
2 0.28125 0.51796875 0.0359375 0.090625
2 0.465625 0.46015625 0.0171875 0.0734375
1 0.625 0.56328125 0.0328125 0.1171875
3 0.7796875 0.5796875 0.01875 0.128125
3 0.18359375 0.60625 0.0296875 0.125