2 0.0875 0.64375 0.08046875 0.16484375
2 0.43671875 0.8296875 0.0734375 0.18984375
2 0.340625 0.665625 0.0484375 0.1640625
2 0.39453125 0.65 0.05625 0.16328125
2 0.60859375 0.5703125 0.05703125 0.1671875
3 0.6421875 0.66640625 0.04296875 0.1578125
1 0.9734375 0.5015625 0.053125 0.14375
2 0.32265625 0.51171875 0.06796875 0.1375
2 0.23828125 0.47421875 0.05234375 0.08984375
2 0.228125 0.57734375 0.059375 0.12265625
2 0.2953125 0.6859375 0.05546875 0.14921875
2 0.27578125 0.6015625 0.05078125 0.109375