2 0.0984375 0.75234375 0.075 0.271875
2 0.17109375 0.39296875 0.0421875 0.15625
2 0.43828125 0.84375 0.0734375 0.2328125
2 0.46484375 0.69921875 0.0609375 0.20625
2 0.484375 0.5875 0.04375 0.175
2 0.37265625 0.42734375 0.040625 0.1375
2 0.50703125 0.359375 0.028125 0.1078125
2 0.515625 0.4859375 0.05 0.1609375
2 0.55859375 0.50234375 0.04375 0.1578125
2 0.765625 0.63359375 0.04375 0.1796875
2 0.59453125 0.30390625 0.0203125 0.1046875
1 0.76015625 0.45859375 0.0515625 0.159375
3 0.91875 0.54375 0.0390625 0.1546875
0 0.10703125 0.6546875 0.01640625 0.02109375