3 0.12265625 0.65390625 0.0484375 0.2296875
3 0.80703125 0.3140625 0.040625 0.16875
1 0.85390625 0.40625 0.0453125 0.175
2 0.65078125 0.2046875 0.034375 0.15
2 0.38828125 0.39453125 0.0453125 0.19375
2 0.38828125 0.31796875 0.03125 0.1390625
2 0.33828125 0.65234375 0.05625 0.2234375
2 0.49140625 0.54296875 0.0578125 0.1921875
2 0.45390625 0.41484375 0.0484375 0.1671875
2 0.43671875 0.375 0.0578125 0.1328125
2 0.6859375 0.63046875 0.0390625 0.21875
2 0.75703125 0.61875 0.084375 0.1640625
2 0.6203125 0.51875 0.03125 0.1984375
2 0.5765625 0.4828125 0.040625 0.1828125
2 0.5609375 0.3078125 0.03125 0.15