2 0.0359375 0.64375 0.034375 0.1765625
2 0.38984375 0.62890625 0.028125 0.1828125
2 0.6015625 0.74765625 0.040625 0.1875
2 0.603125 0.58671875 0.025 0.1359375
2 0.6046875 0.5453125 0.028125 0.1328125
2 0.63046875 0.525 0.0234375 0.146875
2 0.67109375 0.446875 0.034375 0.1109375
2 0.734375 0.4984375 0.03125 0.1421875
2 0.78828125 0.4015625 0.025 0.1203125
2 0.6046875 0.40546875 0.0359375 0.1109375
2 0.4984375 0.35703125 0.01875 0.121875
1 0.36640625 0.46171875 0.0234375 0.125
3 0.9828125 0.725 0.0265625 0.2015625
3 0.38125 0.40703125 0.0234375 0.125