2 0.44453125 0.915625 0.06875 0.16875
2 0.58828125 0.91328125 0.0703125 0.171875
2 0.43359375 0.83125 0.0609375 0.2109375
2 0.45859375 0.6546875 0.065625 0.171875
2 0.534375 0.41875 0.028125 0.1421875
2 0.59140625 0.51171875 0.0515625 0.15
2 0.5796875 0.36015625 0.0328125 0.1203125
2 0.61484375 0.31484375 0.0296875 0.11875
2 0.69296875 0.3390625 0.0265625 0.11875
2 0.7203125 0.41875 0.0359375 0.1671875
2 0.7796875 0.521875 0.053125 0.165625
3 0.34609375 0.36484375 0.053125 0.1296875
1 0.18203125 0.4796875 0.04609375 0.1734375