3 0.9546875 0.55859375 0.090625 0.30625
1 0.60703125 0.42578125 0.08125 0.1703125
2 0.4546875 0.5875 0.0484375 0.2171875
2 0.43359375 0.7234375 0.0546875 0.20625
2 0.5296875 0.8546875 0.090625 0.290625
2 0.40078125 0.66640625 0.0453125 0.21875
2 0.3546875 0.628125 0.0359375 0.2078125
2 0.31484375 0.590625 0.0546875 0.25625
2 0.20078125 0.4515625 0.0359375 0.2140625
2 0.2203125 0.49453125 0.0390625 0.215625
2 0.146875 0.42734375 0.0640625 0.1828125
2 0.04140625 0.6234375 0.075 0.203125
2 0.02265625 0.4484375 0.0453125 0.1828125