3 0.1 0.41171875 0.0578125 0.15625
3 0.91015625 0.51328125 0.0375 0.16875
2 0.25546875 0.3375 0.0484375 0.1421875
2 0.2859375 0.58125 0.078125 0.159375
2 0.33125 0.78046875 0.0546875 0.234375
2 0.38984375 0.55703125 0.0609375 0.1734375
2 0.4859375 0.69609375 0.0546875 0.2
2 0.6 0.5734375 0.0375 0.159375
2 0.5703125 0.540625 0.065625 0.1625
2 0.76875 0.62734375 0.05625 0.16875
2 0.5078125 0.3578125 0.0359375 0.134375
2 0.41875 0.41171875 0.0375 0.140625
2 0.6109375 0.26953125 0.0203125 0.1203125
1 0.78828125 0.434375 0.04375 0.14375
0 0.3484375 0.68515625 0.0203125 0.02734375