2 0.825 0.84296875 0.0703125 0.1921875
2 0.62421875 0.74453125 0.04375 0.184375
2 0.4890625 0.65 0.040625 0.16875
2 0.50703125 0.58828125 0.04375 0.1609375
2 0.42265625 0.52109375 0.03125 0.134375
2 0.44296875 0.51015625 0.0390625 0.14375
2 0.425 0.4671875 0.03125 0.115625
2 0.43984375 0.39609375 0.034375 0.146875
2 0.31953125 0.39375 0.03125 0.1328125
2 0.25390625 0.590625 0.0359375 0.115625
2 0.5421875 0.32421875 0.0234375 0.1015625
3 0.0078125 0.50078125 0.015625 0.1484375
3 0.95859375 0.6046875 0.0265625 0.16875
1 0.7046875 0.475 0.0390625 0.1515625