2 0.10390625 0.7578125 0.0921875 0.1890625
2 0.284375 0.64921875 0.0703125 0.184375
2 0.61484375 0.75234375 0.0671875 0.21875
2 0.66328125 0.9359375 0.065625 0.128125
2 0.68828125 0.64921875 0.08125 0.1640625
2 0.59296875 0.59921875 0.0546875 0.1921875
2 0.59296875 0.51953125 0.0640625 0.159375
2 0.62421875 0.5328125 0.0390625 0.184375
2 0.65 0.446875 0.0359375 0.14375
2 0.86484375 0.421875 0.0703125 0.1125
2 0.89453125 0.40234375 0.046875 0.1375
2 0.678125 0.3203125 0.046875 0.125
1 0.2890625 0.42265625 0.0734375 0.1078125
3 0.4421875 0.30625 0.034375 0.13125