2 0.20546875 0.56875 0.0609375 0.1828125
2 0.3375 0.36953125 0.046875 0.1578125
2 0.4015625 0.4 0.04375 0.1640625
2 0.446875 0.48046875 0.03125 0.1984375
2 0.48203125 0.540625 0.04375 0.1734375
2 0.521875 0.46015625 0.059375 0.1640625
2 0.58671875 0.3265625 0.04375 0.1203125
2 0.5796875 0.25234375 0.034375 0.0796875
2 0.87578125 0.671875 0.0625 0.2265625
2 0.5453125 0.68046875 0.0578125 0.1875
2 0.55234375 0.86875 0.078125 0.2453125
3 0.76953125 0.33203125 0.0375 0.1640625
3 0.15859375 0.640625 0.0484375 0.2140625
1 0.84296875 0.43203125 0.046875 0.1671875