2 0.1078125 0.75859375 0.0828125 0.2
2 0.3734375 0.70703125 0.065625 0.1890625
2 0.4953125 0.5578125 0.0203125 0.1671875
2 0.52109375 0.53359375 0.04375 0.1671875
2 0.57421875 0.61015625 0.0328125 0.1796875
2 0.62734375 0.6109375 0.0484375 0.1734375
2 0.82421875 0.571875 0.04375 0.18125
2 0.803125 0.4171875 0.0421875 0.153125
2 0.67578125 0.47890625 0.059375 0.10625
2 0.68046875 0.4890625 0.0234375 0.1625
2 0.615625 0.41640625 0.0375 0.1328125
2 0.565625 0.346875 0.046875 0.1046875
3 0.3671875 0.384375 0.040625 0.146875
1 0.23984375 0.5078125 0.0640625 0.0890625