2 0.790625 0.59921875 0.04375 0.15625
2 0.61875 0.65078125 0.05 0.15625
2 0.58515625 0.72109375 0.0625 0.18125
2 0.46171875 0.5765625 0.040625 0.159375
2 0.40859375 0.54140625 0.0453125 0.1171875
2 0.315625 0.63515625 0.0390625 0.165625
2 0.465625 0.478125 0.0359375 0.1328125
2 0.39296875 0.421875 0.034375 0.11875
2 0.40703125 0.39921875 0.0390625 0.115625
2 0.19296875 0.3828125 0.025 0.1328125
2 0.10859375 0.371875 0.03125 0.1203125
1 0.6859375 0.421875 0.0421875 0.13125
3 0.8609375 0.49609375 0.0375 0.14375