3 0.0375 0.59609375 0.0296875 0.15
2 0.01328125 0.784375 0.0265625 0.1921875
2 0.14296875 0.7171875 0.0375 0.190625
2 0.4015625 0.63203125 0.040625 0.175
2 0.56484375 0.859375 0.0359375 0.228125
2 0.44765625 0.575 0.034375 0.159375
2 0.49921875 0.5375 0.0421875 0.146875
2 0.5671875 0.59921875 0.0359375 0.159375
2 0.71953125 0.60078125 0.028125 0.15625
2 0.81484375 0.45234375 0.025 0.1359375
2 0.65078125 0.3609375 0.021875 0.1265625
2 0.5734375 0.4578125 0.0359375 0.1375
2 0.5703125 0.38359375 0.0171875 0.115625
1 0.22265625 0.4890625 0.0234375 0.1546875
3 0.86484375 0.58828125 0.0296875 0.1671875