2 0.596875 0.828125 0.0484375 0.2453125
2 0.31484375 0.79609375 0.040625 0.21875
2 0.2625 0.71328125 0.04375 0.2046875
2 0.41640625 0.65546875 0.0421875 0.2234375
2 0.5984375 0.54296875 0.0390625 0.1859375
2 0.56875 0.47109375 0.04375 0.115625
2 0.5609375 0.434375 0.04375 0.096875
2 0.525 0.3796875 0.0296875 0.1453125
2 0.63984375 0.471875 0.046875 0.1515625
2 0.67109375 0.40625 0.0390625 0.140625
2 0.5703125 0.3390625 0.0296875 0.146875
3 0.79140625 0.409375 0.0265625 0.14375
3 0.0390625 0.5546875 0.0375 0.1625
1 0.23125 0.4546875 0.034375 0.1375