1 0.6421875 0.40546875 0.028125 0.115625
3 0.5546875 0.35234375 0.0234375 0.1203125
3 0.1984375 0.6609375 0.0734375 0.2078125
2 0.13828125 0.38046875 0.03125 0.0984375
2 0.18046875 0.5390625 0.040625 0.1671875
2 0.3390625 0.4234375 0.0296875 0.134375
2 0.40234375 0.3578125 0.0234375 0.1125
2 0.378125 0.4734375 0.01875 0.1171875
2 0.3953125 0.49375 0.0265625 0.1421875
2 0.471875 0.51953125 0.0359375 0.1546875
2 0.5640625 0.58046875 0.0359375 0.121875
2 0.57890625 0.509375 0.0359375 0.1234375
2 0.63984375 0.5546875 0.034375 0.1359375
2 0.6578125 0.54375 0.05625 0.125
2 0.45703125 0.31328125 0.01875 0.090625