2 0.16875 0.61171875 0.01875 0.0734375
2 0.56640625 0.703125 0.0234375 0.1765625
2 0.696875 0.6375 0.0328125 0.1265625
2 0.5640625 0.5390625 0.015625 0.078125
2 0.61171875 0.53828125 0.0203125 0.10625
2 0.66484375 0.50703125 0.028125 0.084375
2 0.53203125 0.57890625 0.0203125 0.1171875
2 0.5359375 0.4734375 0.0234375 0.0734375
2 0.33515625 0.62109375 0.0453125 0.1171875
2 0.48359375 0.621875 0.028125 0.1171875
2 0.55546875 0.496875 0.0078125 0.053125
2 0.5890625 0.5078125 0.0171875 0.0546875
1 0.3734375 0.5171875 0.0234375 0.06875
3 0.27890625 0.54375 0.028125 0.1
3 0.79765625 0.5765625 0.0390625 0.10078125