2 0.3484375 0.62109375 0.0734375 0.1796875
2 0.51328125 0.63515625 0.05 0.2125
2 0.625 0.64375 0.0484375 0.184375
2 0.68515625 0.646875 0.05625 0.1796875
2 0.42265625 0.4734375 0.025 0.19375
2 0.4484375 0.471875 0.0203125 0.1703125
2 0.48125 0.48359375 0.0453125 0.253125
2 0.46015625 0.49921875 0.0234375 0.20625
2 0.48359375 0.37265625 0.0359375 0.13125
2 0.4953125 0.28984375 0.0328125 0.1234375
3 0.6953125 0.34140625 0.028125 0.1453125
3 0.23359375 0.76796875 0.0625 0.2359375
1 0.7859375 0.43984375 0.0515625 0.1609375