2 0.15703125 0.5328125 0.0328125 0.140625
2 0.31328125 0.64296875 0.053125 0.146875
2 0.346875 0.55859375 0.0375 0.1515625
2 0.409375 0.640625 0.025 0.1734375
2 0.50859375 0.7671875 0.0421875 0.1328125
2 0.565625 0.6671875 0.0390625 0.1875
2 0.4 0.528125 0.0296875 0.1359375
2 0.475 0.475 0.0359375 0.1203125
2 0.38125 0.45859375 0.040625 0.1078125
2 0.37109375 0.421875 0.0265625 0.1
1 0.559375 0.4890625 0.0265625 0.1328125
2 0.45703125 0.88984375 0.0546875 0.146875
2 0.5609375 0.86015625 0.059375 0.146875
3 0.775 0.61015625 0.0296875 0.15625