3 0.09296875 0.45703125 0.021875 0.1578125
3 0.98515625 0.5546875 0.025 0.153125
2 0.24453125 0.46875 0.0234375 0.146875
2 0.484375 0.85234375 0.0453125 0.21875
2 0.61484375 0.628125 0.0328125 0.1796875
2 0.721875 0.65703125 0.0296875 0.1671875
2 0.51328125 0.515625 0.034375 0.1515625
2 0.47421875 0.49765625 0.025 0.140625
2 0.44921875 0.4390625 0.034375 0.140625
2 0.39765625 0.41015625 0.0453125 0.0984375
2 0.35859375 0.40546875 0.03125 0.103125
2 0.51796875 0.34375 0.0296875 0.121875
2 0.571875 0.27265625 0.0265625 0.109375
1 0.74609375 0.428125 0.03125 0.15625