2 0.20859375 0.65234375 0.0734375 0.2125
2 0.39921875 0.78203125 0.0609375 0.190625
2 0.4421875 0.621875 0.0296875 0.1765625
2 0.434375 0.5390625 0.040625 0.1
2 0.47421875 0.528125 0.040625 0.140625
2 0.52421875 0.515625 0.0421875 0.146875
2 0.5609375 0.515625 0.0578125 0.1359375
2 0.50859375 0.42890625 0.0265625 0.128125
2 0.54921875 0.4109375 0.0453125 0.0921875
2 0.6375 0.39296875 0.05625 0.13125
2 0.70390625 0.38125 0.0390625 0.1859375
3 0.290625 0.39609375 0.0359375 0.15
3 0.72734375 0.68203125 0.0390625 0.1828125
1 0.25 0.4734375 0.05625 0.1328125