1 0.25078125 0.359375 0.0546875 0.1375
2 0.23359375 0.52265625 0.065625 0.2265625
2 0.35546875 0.57734375 0.06875 0.284375
2 0.44921875 0.4609375 0.040625 0.240625
2 0.5078125 0.40859375 0.04375 0.20625
2 0.55 0.4015625 0.046875 0.2
2 0.62421875 0.384375 0.0515625 0.1609375
2 0.67265625 0.4390625 0.065625 0.175
2 0.80078125 0.3578125 0.065625 0.15625
2 0.5484375 0.3078125 0.0421875 0.1296875
2 0.490625 0.26875 0.0359375 0.1234375
3 0.9234375 0.76171875 0.0765625 0.3390625
3 0.32421875 0.31484375 0.0328125 0.140625