2 0.60859375 0.83203125 0.075 0.2140625
2 0.6671875 0.6875 0.0640625 0.20625
2 0.55625 0.62578125 0.0484375 0.203125
2 0.41484375 0.55859375 0.046875 0.1984375
2 0.24609375 0.628125 0.0625 0.1984375
2 0.35703125 0.4765625 0.0609375 0.1765625
2 0.42265625 0.4796875 0.1015625 0.1765625
2 0.47109375 0.39921875 0.0484375 0.15625
2 0.36875 0.46953125 0.0359375 0.1671875
2 0.56875 0.30546875 0.046875 0.1078125
3 0.96640625 0.59921875 0.0296875 0.2015625
3 0.0390625 0.42421875 0.034375 0.1671875
1 0.7625 0.49140625 0.0390625 0.1484375