1 0.4578125 0.50625 0.1 0.153125
3 0.23125 0.5515625 0.0359375 0.1875
2 0.14296875 0.68203125 0.0546875 0.2
2 0.4890625 0.61796875 0.0765625 0.125
2 0.55234375 0.7046875 0.0359375 0.2234375
2 0.5921875 0.69765625 0.0515625 0.203125
2 0.57109375 0.55546875 0.046875 0.1328125
2 0.65625 0.58671875 0.0359375 0.203125
2 0.67890625 0.5375 0.04375 0.16875
2 0.76171875 0.4359375 0.040625 0.16875
2 0.78515625 0.478125 0.0453125 0.1609375
2 0.87421875 0.53828125 0.053125 0.1875
2 0.615625 0.35546875 0.05 0.1296875