2 0.36640625 0.6125 0.05 0.1953125
2 0.42421875 0.54453125 0.0390625 0.096875
2 0.4078125 0.4609375 0.040625 0.1484375
2 0.52421875 0.54375 0.0609375 0.15
2 0.57265625 0.453125 0.0265625 0.1328125
2 0.621875 0.45390625 0.03125 0.153125
2 0.67109375 0.35546875 0.0390625 0.140625
2 0.775 0.40546875 0.0515625 0.1546875
2 0.5453125 0.38984375 0.04375 0.121875
2 0.56171875 0.2984375 0.028125 0.075
3 0.91328125 0.3890625 0.053125 0.1609375
3 0.04375 0.46171875 0.046875 0.196875
1 0.17890625 0.4265625 0.0734375 0.1046875