2 0.1453125 0.409375 0.05 0.15625
2 0.259375 0.4828125 0.03125 0.1484375
2 0.2546875 0.41171875 0.0390625 0.1609375
2 0.29453125 0.51640625 0.034375 0.1625
2 0.303125 0.4515625 0.040625 0.065625
2 0.3140625 0.73671875 0.06875 0.21875
2 0.4140625 0.66484375 0.0703125 0.196875
2 0.346875 0.58125 0.0421875 0.1703125
2 0.37890625 0.58984375 0.0421875 0.2
2 0.35390625 0.49140625 0.040625 0.090625
1 0.60703125 0.4765625 0.059375 0.175
3 0.51640625 0.390625 0.034375 0.14375
2 0.41484375 0.35 0.05 0.1015625
2 0.8546875 0.65546875 0.0421875 0.1296875