2 0.18046875 0.5578125 0.0453125 0.19375
2 0.49296875 0.6046875 0.0484375 0.1640625
2 0.61171875 0.52421875 0.04375 0.19375
2 0.77421875 0.55234375 0.046875 0.1828125
2 0.8328125 0.4140625 0.0359375 0.1625
3 0.98125 0.41796875 0.034375 0.1703125
3 0.03828125 0.47421875 0.025 0.1828125
1 0.17578125 0.403125 0.04375 0.1578125
2 0.4375 0.36171875 0.0328125 0.1421875
2 0.4625 0.31484375 0.03125 0.1109375
2 0.540625 0.43203125 0.04375 0.1578125
2 0.58203125 0.428125 0.0296875 0.11875
2 0.5859375 0.36484375 0.0265625 0.0703125
2 0.615625 0.690625 0.03125 0.2078125