2 0.21328125 0.67421875 0.0515625 0.2140625
2 0.321875 0.64296875 0.0328125 0.203125
2 0.2953125 0.21953125 0.03125 0.121875
2 0.46171875 0.528125 0.0375 0.1921875
2 0.48515625 0.56796875 0.0546875 0.1734375
2 0.5125 0.44609375 0.0453125 0.1546875
2 0.49375 0.37109375 0.0390625 0.140625
2 0.69609375 0.38671875 0.05 0.153125
2 0.6703125 0.5578125 0.0375 0.178125
2 0.903125 0.54921875 0.0375 0.1984375
3 0.678125 0.72890625 0.0515625 0.190625
3 0.15 0.35625 0.03125 0.1609375
1 0.20390625 0.434375 0.034375 0.1625
2 0.40390625 0.74375 0.059375 0.2109375