2 0.23828125 0.46015625 0.0484375 0.1453125
2 0.2734375 0.49921875 0.05 0.1625
2 0.390625 0.55390625 0.0484375 0.1796875
2 0.71796875 0.68984375 0.046875 0.2109375
2 0.49140625 0.515625 0.0375 0.1859375
2 0.528125 0.51875 0.03125 0.1796875
2 0.415625 0.471875 0.0328125 0.1640625
2 0.40703125 0.484375 0.0296875 0.1453125
2 0.4390625 0.465625 0.025 0.1859375
2 0.38828125 0.3828125 0.0296875 0.1421875
2 0.37421875 0.3171875 0.0265625 0.15
1 0.7859375 0.49140625 0.0390625 0.15
3 0.725 0.371875 0.03125 0.1546875
3 0.3140625 0.79296875 0.0609375 0.253125