2 0.33125 0.74921875 0.0359375 0.1765625
2 0.3453125 0.63984375 0.0390625 0.1125
2 0.43828125 0.671875 0.0640625 0.1671875
2 0.5625 0.79921875 0.0578125 0.228125
2 0.51953125 0.56875 0.0640625 0.15625
2 0.5484375 0.490625 0.0390625 0.1140625
2 0.59140625 0.503125 0.0359375 0.140625
2 0.81015625 0.5859375 0.0453125 0.1875
2 0.63125 0.42734375 0.0265625 0.140625
2 0.825 0.35703125 0.03125 0.1359375
2 0.69296875 0.3390625 0.04375 0.1234375
2 0.57734375 0.3734375 0.034375 0.128125
3 0.43359375 0.36640625 0.0375 0.121875
3 0.86484375 0.796875 0.08125 0.209375
1 0.2171875 0.44453125 0.0515625 0.15625