3 0.0921875 0.34921875 0.046875 0.1234375
3 0.87578125 0.3375 0.0359375 0.1265625
2 0.53125 0.3875 0.0515625 0.1453125
2 0.51796875 0.296875 0.03125 0.115625
2 0.559375 0.5734375 0.0515625 0.1640625
2 0.58359375 0.8046875 0.0734375 0.1875
2 0.56796875 0.9328125 0.0796875 0.134375
2 0.31796875 0.81484375 0.0921875 0.1671875
2 0.20625 0.87421875 0.065625 0.203125
2 0.225 0.71015625 0.0421875 0.2078125
2 0.1875 0.58359375 0.053125 0.1796875
2 0.378125 0.51640625 0.05 0.1703125
2 0.41953125 0.36328125 0.06875 0.1375
2 0.47109375 0.5 0.05546875 0.14609375