2 0.1328125 0.3375 0.0328125 0.1453125
2 0.3578125 0.57734375 0.046875 0.1921875
2 0.34765625 0.40390625 0.05234375 0.1390625
2 0.4234375 0.54140625 0.075 0.1828125
2 0.49453125 0.55546875 0.0421875 0.1640625
2 0.5046875 0.5171875 0.0375 0.153125
2 0.49921875 0.34140625 0.03125 0.1390625
2 0.55546875 0.2578125 0.028125 0.1125
2 0.65 0.6140625 0.0390625 0.184375
2 0.653125 0.81875 0.090625 0.2125
2 0.81953125 0.67421875 0.0375 0.1921875
3 0.92578125 0.54609375 0.034375 0.15625
1 0.74921875 0.434375 0.05625 0.19375
0 0.32734375 0.584375 0.01796875 0.021875