2 0.26328125 0.33828125 0.0515625 0.159375
2 0.31328125 0.44609375 0.0265625 0.196875
2 0.36484375 0.46015625 0.0296875 0.16875
2 0.4671875 0.39453125 0.04375 0.11875
2 0.49453125 0.50625 0.040625 0.1875
2 0.50234375 0.4484375 0.0421875 0.1453125
2 0.50703125 0.3453125 0.034375 0.1390625
2 0.4953125 0.30234375 0.0265625 0.134375
2 0.54921875 0.65625 0.028125 0.209375
2 0.828125 0.70546875 0.05 0.2125
3 0.72421875 0.33984375 0.0375 0.14375
2 0.44140625 0.89375 0.046875 0.203125
3 0.22890625 0.54921875 0.05 0.1921875
1 0.80390625 0.4484375 0.04375 0.1625