3 0.1734375 0.43984375 0.0359375 0.153125
1 0.8453125 0.45625 0.046875 0.15
2 0.2859375 0.55546875 0.0703125 0.18125
2 0.37109375 0.41796875 0.0515625 0.1515625
2 0.40625 0.428125 0.0421875 0.1484375
2 0.48984375 0.6375 0.0703125 0.1828125
2 0.51640625 0.52734375 0.028125 0.1328125
2 0.55078125 0.4921875 0.021875 0.225
2 0.51796875 0.45 0.034375 0.0703125
2 0.57734375 0.3421875 0.0359375 0.14375
2 0.63359375 0.26640625 0.0296875 0.115625
2 0.5640625 0.8859375 0.0546875 0.2203125
2 0.91171875 0.70703125 0.0484375 0.203125