3 0.84296875 0.5453125 0.0328125 0.1734375
1 0.67265625 0.471875 0.059375 0.1765625
2 0.67109375 0.60859375 0.06875 0.2
2 0.71875 0.66171875 0.065625 0.2125
2 0.8734375 0.746875 0.0703125 0.190625
2 0.59453125 0.6546875 0.0390625 0.2046875
2 0.52265625 0.6390625 0.0359375 0.2109375
2 0.38984375 0.553125 0.0375 0.1921875
2 0.428125 0.53046875 0.0421875 0.1953125
2 0.340625 0.4703125 0.05 0.178125
2 0.353125 0.3546875 0.040625 0.1234375
2 0.13046875 0.40390625 0.0359375 0.1640625
2 0.17265625 0.346875 0.0515625 0.13125
2 0.0734375 0.61953125 0.0546875 0.215625
0 0.65234375 0.59765625 0.0109375 0.01796875