3 0.02421875 0.490625 0.04375 0.2
3 0.915625 0.63359375 0.0390625 0.1984375
1 0.71796875 0.53359375 0.04375 0.15625
2 0.55546875 0.33515625 0.040625 0.140625
2 0.4578125 0.4265625 0.0421875 0.1390625
2 0.2984375 0.49296875 0.0671875 0.15
2 0.36171875 0.50234375 0.0421875 0.1609375
2 0.42421875 0.55390625 0.046875 0.1671875
2 0.45703125 0.66328125 0.046875 0.1796875
2 0.4859375 0.5859375 0.040625 0.1796875
2 0.4890625 0.81328125 0.05 0.1890625
2 0.54375 0.684375 0.0546875 0.215625
2 0.5859375 0.675 0.0421875 0.2203125
2 0.7328125 0.71796875 0.046875 0.1875
0 0.271875 0.47421875 0.0125 0.01796875