1 0.84453125 0.49921875 0.0390625 0.15
3 0.7171875 0.42421875 0.034375 0.140625
3 0.03984375 0.8546875 0.0625 0.21875
2 0.2390625 0.4234375 0.03125 0.1421875
2 0.28125 0.49296875 0.0359375 0.1671875
2 0.334375 0.575 0.0703125 0.1578125
2 0.40625 0.36796875 0.0296875 0.1171875
2 0.46875 0.51484375 0.075 0.1515625
2 0.4546875 0.40703125 0.04375 0.078125
2 0.55625 0.4875 0.0296875 0.1234375
2 0.5796875 0.6328125 0.0578125 0.1546875
2 0.57734375 0.52265625 0.046875 0.1015625
2 0.74140625 0.6640625 0.059375 0.1828125
2 0.95078125 0.75078125 0.0671875 0.2015625
2 0.44921875 0.7765625 0.05625 0.2078125