2 0.5390625 0.23984375 0.0515625 0.171875
2 0.5875 0.321875 0.0421875 0.1484375
2 0.80546875 0.48046875 0.115625 0.16875
2 0.76328125 0.40625 0.0546875 0.16875
2 0.91328125 0.4125 0.0734375 0.1625
2 0.6734375 0.4609375 0.0546875 0.225
2 0.69296875 0.48125 0.046875 0.1890625
2 0.62421875 0.5625 0.0671875 0.1515625
2 0.5828125 0.8046875 0.0703125 0.265625
2 0.4609375 0.87578125 0.0671875 0.2484375
2 0.52890625 0.53828125 0.040625 0.1953125
2 0.5421875 0.4953125 0.05 0.1953125
1 0.2859375 0.46015625 0.071875 0.171875
3 0.41640625 0.33203125 0.0375 0.1421875