1 0.22265625 0.44375 0.059375 0.159375
3 0.07890625 0.56640625 0.046875 0.196875
2 0.31875 0.58828125 0.0421875 0.203125
2 0.4 0.65390625 0.0453125 0.1671875
2 0.48671875 0.51328125 0.0546875 0.1609375
2 0.56640625 0.48671875 0.03125 0.1625
2 0.60390625 0.48203125 0.0328125 0.1609375
2 0.66015625 0.459375 0.0453125 0.15625
2 0.653125 0.38046875 0.0296875 0.0796875
2 0.81953125 0.36640625 0.0421875 0.140625
2 0.875 0.46484375 0.0421875 0.1671875
2 0.94453125 0.62109375 0.0703125 0.2015625
2 0.61171875 0.70546875 0.0546875 0.15625
2 0.62109375 0.56640625 0.0359375 0.1140625