3 0.0234375 0.6890625 0.046875 0.240625
2 0.253125 0.53359375 0.0671875 0.196875
2 0.24609375 0.3953125 0.04375 0.1609375
2 0.328125 0.4125 0.0453125 0.1765625
2 0.35546875 0.4390625 0.046875 0.134375
2 0.36328125 0.359375 0.028125 0.1234375
2 0.47421875 0.31171875 0.0390625 0.1390625
2 0.43359375 0.64375 0.0515625 0.1921875
2 0.44921875 0.553125 0.0765625 0.1875
2 0.51640625 0.61484375 0.053125 0.1703125
2 0.93671875 0.62265625 0.065625 0.2078125
1 0.571875 0.4203125 0.0359375 0.175
3 0.5890625 0.34765625 0.0359375 0.140625