3 0.015625 0.48046875 0.03125 0.209375
1 0.196875 0.41796875 0.046875 0.178125
2 0.10703125 0.63515625 0.053125 0.2078125
2 0.3640625 0.6296875 0.040625 0.2109375
2 0.44921875 0.77890625 0.078125 0.246875
2 0.75859375 0.61328125 0.0515625 0.25625
2 0.9515625 0.4171875 0.034375 0.190625
2 0.6640625 0.42421875 0.0390625 0.1734375
2 0.575 0.34296875 0.0421875 0.1609375
2 0.45234375 0.2546875 0.0359375 0.1390625
2 0.5296875 0.48671875 0.04375 0.1921875
2 0.4453125 0.52265625 0.0328125 0.190625
2 0.4859375 0.47421875 0.04375 0.2234375