3 0.75 0.303125 0.0375 0.1625
3 0.2453125 0.70625 0.075 0.2046875
1 0.7671875 0.43046875 0.0515625 0.1796875
2 0.29296875 0.28984375 0.0421875 0.1546875
2 0.49609375 0.31015625 0.03125 0.165625
2 0.6109375 0.59375 0.059375 0.215625
2 0.440625 0.55625 0.0484375 0.1796875
2 0.43984375 0.47890625 0.040625 0.125
2 0.475 0.484375 0.04375 0.1546875
2 0.40625 0.3890625 0.0484375 0.153125
2 0.44296875 0.409375 0.0359375 0.1046875
2 0.34453125 0.4484375 0.0546875 0.175
2 0.6515625 0.19453125 0.034375 0.146875
0 0.365625 0.42578125 0.01484375 0.0171875
2 0.33203125 0.6546875 0.06875 0.19375