1 0.5140625 0.39140625 0.0390625 0.1421875
3 0.496875 0.31328125 0.0234375 0.140625
2 0.24453125 0.6078125 0.06875 0.184375
2 0.359375 0.5609375 0.05625 0.1921875
2 0.6609375 0.50625 0.04375 0.165625
2 0.5890625 0.434375 0.071875 0.084375
2 0.690625 0.54609375 0.05 0.175
2 0.7703125 0.453125 0.0265625 0.146875
2 0.775 0.36796875 0.059375 0.1140625
2 0.70234375 0.384375 0.0203125 0.1328125
2 0.690625 0.340625 0.0203125 0.1375
2 0.721875 0.36328125 0.0234375 0.15625
2 0.984375 0.56328125 0.03125 0.2015625
2 0.6015625 0.71015625 0.0625 0.190625