2 0.059375 0.71953125 0.06875 0.3625
2 0.54609375 0.6453125 0.1046875 0.246875
2 0.621875 0.49453125 0.0546875 0.2859375
2 0.840625 0.6078125 0.071875 0.29375
2 0.8734375 0.48046875 0.059375 0.2703125
2 0.93203125 0.42421875 0.0765625 0.31875
2 0.73671875 0.31875 0.078125 0.2953125
2 0.74765625 0.1921875 0.0703125 0.2421875
2 0.66875 0.215625 0.0546875 0.2671875
2 0.5171875 0.16328125 0.06875 0.23125
2 0.2890625 0.09765625 0.0546875 0.1953125
1 0.16953125 0.384375 0.06875 0.259375
3 0.18671875 0.209375 0.0578125 0.2328125
0 0.37578125 0.64296875 0.0296875 0.04609375