2 0.88515625 0.7328125 0.0328125 0.1953125
2 0.72890625 0.6734375 0.034375 0.190625
2 0.4640625 0.84375 0.0484375 0.215625
2 0.50078125 0.59921875 0.0484375 0.175
2 0.44375 0.615625 0.053125 0.1546875
2 0.1484375 0.51953125 0.034375 0.165625
2 0.32421875 0.40078125 0.0359375 0.11875
2 0.5109375 0.37734375 0.0296875 0.1125
2 0.45234375 0.53125 0.03125 0.1265625
2 0.4328125 0.47578125 0.03125 0.13125
2 0.4609375 0.4546875 0.0296875 0.11875
2 0.44453125 0.4203125 0.021875 0.103125
1 0.69609375 0.4578125 0.0265625 0.1375
3 0.871875 0.54609375 0.028125 0.15625
3 0.034375 0.46328125 0.03125 0.1390625