2 0.05 0.4171875 0.0515625 0.178125
2 0.1609375 0.50234375 0.053125 0.184375
2 0.23828125 0.56484375 0.0484375 0.1484375
2 0.3046875 0.39375 0.0375 0.165625
2 0.34296875 0.30703125 0.0421875 0.1328125
2 0.40625 0.5390625 0.0359375 0.215625
2 0.446875 0.57109375 0.05 0.2015625
2 0.48515625 0.61484375 0.053125 0.2046875
2 0.55078125 0.709375 0.0765625 0.2140625
2 0.559375 0.609375 0.071875 0.196875
2 0.77578125 0.653125 0.0703125 0.2296875
1 0.671875 0.45078125 0.08125 0.1453125
3 0.50546875 0.303125 0.0578125 0.1390625