1 0.20859375 0.415625 0.0359375 0.1390625
3 0.040625 0.48359375 0.040625 0.1671875
3 0.96640625 0.4265625 0.0515625 0.1609375
2 0.865625 0.40234375 0.0453125 0.1234375
2 0.77578125 0.46328125 0.0390625 0.175
2 0.59609375 0.47578125 0.046875 0.1640625
2 0.5546875 0.60078125 0.06875 0.1875
2 0.49453125 0.79765625 0.0546875 0.2359375
2 0.353125 0.646875 0.0546875 0.2015625
2 0.39609375 0.5171875 0.0453125 0.16875
2 0.378125 0.54375 0.025 0.1515625
2 0.4375 0.48984375 0.0578125 0.14375
2 0.52421875 0.40625 0.0390625 0.128125
2 0.49765625 0.35078125 0.03125 0.134375
2 0.44765625 0.2984375 0.0265625 0.1125