1 0.31328125 0.45 0.0484375 0.1671875
3 0.1125 0.53828125 0.0421875 0.1671875
3 0.98203125 0.43828125 0.028125 0.165625
2 0.79140625 0.3765625 0.0328125 0.13125
2 0.8140625 0.52265625 0.0515625 0.15625
2 0.68359375 0.43828125 0.0375 0.121875
2 0.553125 0.73203125 0.0484375 0.215625
2 0.503125 0.65390625 0.0375 0.1828125
2 0.5375 0.54375 0.0234375 0.14375
2 0.575 0.48671875 0.034375 0.1359375
2 0.51875 0.496875 0.0296875 0.1609375
2 0.5359375 0.3875 0.0234375 0.13125
2 0.4640625 0.3328125 0.028125 0.1171875
2 0.275 0.63046875 0.0359375 0.1953125