2 0.346875 0.40390625 0.03359375 0.1703125
2 0.259375 0.35546875 0.03359375 0.10703125
3 0.17265625 0.29765625 0.0265625 0.09921875
2 0.02421875 0.296875 0.028125 0.11640625
3 0.61484375 0.4203125 0.025 0.10390625
2 0.40078125 0.35390625 0.0265625 0.0984375
2 0.30078125 0.34296875 0.02578125 0.096875
2 0.446875 0.35859375 0.021875 0.08984375
1 0.31171875 0.31796875 0.02109375 0.07734375
2 0.28203125 0.3328125 0.01640625 0.1078125
2 0.42734375 0.36015625 0.0234375 0.07578125
0 0.4171875 0.3515625 0.0046875 0.009375