2 0.08203125 0.31796875 0.03515625 0.12578125
2 0.453125 0.4375 0.05703125 0.1421875
2 0.3109375 0.39609375 0.0375 0.1375
3 0.18203125 0.30390625 0.025 0.1015625
2 0.4203125 0.34921875 0.02421875 0.0984375
2 0.240625 0.29765625 0.02265625 0.0921875
2 0.44765625 0.34921875 0.0265625 0.09375
2 0.28828125 0.3484375 0.02734375 0.109375
2 0.48671875 0.36484375 0.02265625 0.0734375
2 0.5203125 0.36875 0.02109375 0.078125
1 0.70078125 0.45078125 0.0296875 0.08515625
3 0.70078125 0.45078125 0.0296875 0.08515625
2 0.26328125 0.346875 0.04140625 0.10703125
3 0.31484375 0.3140625 0.02109375 0.0765625
1 0.31484375 0.3140625 0.02109375 0.0765625
2 0.49921875 0.340625 0.009375 0.03046875