2 0.25703125 0.3609375 0.03203125 0.090625
2 0.31328125 0.34375 0.02578125 0.1046875
2 0.290625 0.3328125 0.03359375 0.1109375
2 0.34375 0.403125 0.034375 0.16640625
2 0.0234375 0.29609375 0.025 0.1171875
3 0.615625 0.4203125 0.02578125 0.1046875
3 0.17265625 0.29765625 0.0265625 0.09921875
2 0.42265625 0.359375 0.02578125 0.0984375
2 0.453125 0.36875 0.0265625 0.07890625
2 0.31171875 0.34453125 0.0234375 0.1046875
1 0.31015625 0.28984375 0.01640625 0.0296875
2 0.4328125 0.3125 0.01015625 0.02265625
2 0.44296875 0.34140625 0.01171875 0.04609375