2 0.23515625 0.359375 0.04921875 0.11328125
2 0.28515625 0.39375 0.08125 0.11953125
2 0.02578125 0.296875 0.02109375 0.10625
3 0.15 0.29765625 0.02578125 0.08984375
1 0.271875 0.31171875 0.021875 0.078125
3 0.646875 0.43125 0.02109375 0.09140625
2 0.33203125 0.35390625 0.0328125 0.0953125
2 0.53203125 0.3796875 0.02265625 0.08828125
2 0.38984375 0.35390625 0.02109375 0.0921875
2 0.31953125 0.346875 0.01796875 0.08984375
2 0.44921875 0.3828125 0.028125 0.09296875
2 0.43828125 0.346875 0.0171875 0.07421875
2 0.45625 0.34765625 0.01484375 0.0671875