2 0.3890625 0.4203125 0.04375 0.14140625
2 0.3046875 0.37890625 0.0265625 0.11953125
3 0.1765625 0.29921875 0.0234375 0.096875
2 0.284375 0.34375 0.02421875 0.1109375
3 0.64140625 0.43046875 0.03125 0.08203125
2 0.04609375 0.3078125 0.03125 0.11171875
2 0.34375 0.34921875 0.02421875 0.065625
2 0.4765625 0.35546875 0.02265625 0.06796875
2 0.25703125 0.340625 0.02734375 0.11171875
2 0.43046875 0.34453125 0.0203125 0.0796875
2 0.446875 0.35703125 0.02578125 0.08203125
2 0.40703125 0.33671875 0.0203125 0.0640625
1 0.3171875 0.31484375 0.0328125 0.0796875
2 0.4640625 0.3421875 0.0125 0.05234375