2 0.02421875 0.2953125 0.01953125 0.1109375
2 0.40625 0.36640625 0.02890625 0.1078125
2 0.32265625 0.39296875 0.03828125 0.1484375
2 0.209375 0.34140625 0.0328125 0.109375
1 0.13125 0.29921875 0.0265625 0.0890625
1 0.26015625 0.31171875 0.03359375 0.08359375
3 0.6515625 0.43125 0.0203125 0.09453125
2 0.29453125 0.3453125 0.03515625 0.09921875
2 0.43125 0.3328125 0.01484375 0.05859375
2 0.32890625 0.34453125 0.02421875 0.0765625
2 0.459375 0.3640625 0.02109375 0.06953125
0 0.4390625 0.29296875 0.01015625 0.021875
2 0.43203125 0.346875 0.0203125 0.06015625
2 0.584375 0.409375 0.0234375 0.08828125
2 0.44765625 0.3515625 0.02109375 0.06796875