2 0.26484375 0.3703125 0.03515625 0.10234375
2 0.40234375 0.41328125 0.03671875 0.1359375
2 0.02265625 0.29296875 0.0234375 0.11796875
2 0.32265625 0.34765625 0.02734375 0.109375
3 0.16640625 0.29765625 0.0265625 0.10078125
2 0.5671875 0.390625 0.02734375 0.10234375
2 0.46328125 0.378125 0.0265625 0.10078125
2 0.4421875 0.35 0.0203125 0.07734375
1 0.28984375 0.30859375 0.028125 0.08203125
2 0.41171875 0.340625 0.01953125 0.06796875
2 0.65625 0.43125 0.02578125 0.10625
2 0.42734375 0.33046875 0.01171875 0.05546875
2 0.4546875 0.34140625 0.01015625 0.0515625
0 0.5671875 0.35 0.00703125 0.01328125
2 0.31796875 0.3203125 0.0140625 0.06171875