2 0.26796875 0.3546875 0.028125 0.1078125
2 0.3421875 0.39609375 0.03359375 0.15
2 0.0234375 0.2953125 0.025 0.11796875
3 0.17109375 0.29765625 0.028125 0.09765625
2 0.51015625 0.378125 0.0265625 0.09140625
2 0.45 0.38046875 0.03046875 0.09609375
2 0.409375 0.34921875 0.025 0.08984375
2 0.31875 0.34765625 0.02734375 0.103125
3 0.62890625 0.42890625 0.0296875 0.09921875
2 0.43203125 0.33203125 0.01953125 0.059375
1 0.2984375 0.3140625 0.0171875 0.07265625
0 0.496875 0.3609375 0.00390625 0.01015625