2 0.02265625 0.2921875 0.0234375 0.12109375
2 0.23671875 0.35234375 0.040625 0.12109375
3 0.153125 0.2953125 0.02421875 0.10078125
2 0.378125 0.43203125 0.04609375 0.15234375
2 0.56328125 0.39609375 0.03125 0.0875
2 0.309375 0.3453125 0.0234375 0.1109375
2 0.45234375 0.37421875 0.01875 0.0984375
2 0.390625 0.34375 0.02578125 0.0796875
2 0.42734375 0.33671875 0.01875 0.0734375
2 0.46328125 0.36171875 0.02265625 0.07421875
3 0.66640625 0.43359375 0.01953125 0.096875
1 0.2921875 0.31328125 0.01875 0.07578125
2 0.29375 0.3390625 0.03125 0.10078125
2 0.440625 0.353125 0.02109375 0.0703125