2 0.59765625 0.3328125 0.03125 0.121875
0 0.58359375 0.325 0.009375 0.0234375
1 0.34765625 0.33671875 0.0296875 0.1140625
2 0.72734375 0.30859375 0.034375 0.1015625
2 0.54765625 0.309375 0.021875 0.0890625
2 0.19453125 0.4171875 0.0296875 0.13125
2 0.01171875 0.45546875 0.0234375 0.1171875
2 0.4109375 0.38125 0.0171875 0.1359375
2 0.52109375 0.47265625 0.03125 0.2
2 0.4765625 0.34375 0.021875 0.134375
2 0.5296875 0.321875 0.0125 0.109375
2 0.50703125 0.32265625 0.0125 0.0984375
2 0.525 0.265625 0.0125 0.0484375
2 0.50703125 0.2640625 0.0125 0.0453125
3 0.40703125 0.3015625 0.025 0.0734375
3 0.92265625 0.38359375 0.0453125 0.1953125