1 0.6875 0.365625 0.05 0.053125
0 0.715625 0.38671875 0.0125 0.0234375
2 0.8328125 0.48828125 0.0484375 0.184375
2 0.475 0.4828125 0.0390625 0.1828125
2 0.58515625 0.4359375 0.0390625 0.146875
2 0.5796875 0.3375 0.028125 0.0875
2 0.5109375 0.3375 0.0265625 0.134375
2 0.45234375 0.35234375 0.0453125 0.13125
2 0.36640625 0.43515625 0.046875 0.1984375
2 0.1546875 0.325 0.05625 0.125
2 0.2859375 0.2828125 0.0203125 0.0921875
2 0.34453125 0.31328125 0.03125 0.084375
2 0.39375 0.309375 0.0375 0.115625
2 0.3546875 0.28046875 0.015625 0.0671875