2 0.3640625 0.415625 0.0453125 0.13125
2 0.40859375 0.3671875 0.034375 0.1390625
2 0.38046875 0.3796875 0.028125 0.1171875
0 0.3453125 0.42421875 0.0140625 0.025
2 0.2859375 0.4390625 0.0359375 0.171875
2 0.2375 0.42734375 0.0359375 0.1359375
2 0.0078125 0.4359375 0.015625 0.1375
2 0.45546875 0.359375 0.0453125 0.1265625
2 0.55703125 0.30859375 0.0234375 0.1078125
2 0.540625 0.29375 0.0125 0.096875
2 0.50546875 0.28359375 0.015625 0.084375
3 0.62421875 0.41171875 0.03125 0.1828125
2 0.603125 0.34921875 0.028125 0.121875
2 0.721875 0.2796875 0.025 0.1046875
3 0.44296875 0.29296875 0.021875 0.0875
1 0.31171875 0.34453125 0.0453125 0.103125