3 0.88828125 0.3125 0.034375 0.1375
3 0.21328125 0.371875 0.0328125 0.1109375
2 0.57578125 0.37265625 0.0296875 0.146875
2 0.565625 0.28671875 0.0234375 0.0640625
2 0.57890625 0.26796875 0.015625 0.05625
2 0.53828125 0.2796875 0.015625 0.071875
0 0.5328125 0.315625 0.0109375 0.0234375
2 0.72109375 0.27578125 0.025 0.1125
2 0.484375 0.32890625 0.0171875 0.1140625
2 0.4640625 0.334375 0.0234375 0.115625
2 0.415625 0.36328125 0.0328125 0.128125
2 0.190625 0.52734375 0.0375 0.184375
2 0.18671875 0.4125 0.025 0.10625
2 0.0640625 0.44765625 0.0296875 0.1515625
2 0.31875 0.40625 0.0328125 0.14375
1 0.3109375 0.32421875 0.0296875 0.0875