2 0.40234375 0.3328125 0.03125 0.121875
0 0.41640625 0.325 0.009375 0.0234375
1 0.65234375 0.33671875 0.0296875 0.1140625
2 0.27265625 0.30859375 0.034375 0.1015625
2 0.45234375 0.309375 0.021875 0.0890625
2 0.80546875 0.4171875 0.0296875 0.13125
2 0.98828125 0.45546875 0.0234375 0.1171875
2 0.5890625 0.38125 0.0171875 0.1359375
2 0.47890625 0.47265625 0.03125 0.2
2 0.5234375 0.34375 0.021875 0.134375
2 0.4703125 0.321875 0.0140625 0.109375
2 0.49296875 0.32265625 0.0140625 0.0984375
2 0.475 0.265625 0.0125 0.0484375
2 0.49296875 0.2640625 0.0125 0.0453125
3 0.59296875 0.3015625 0.025 0.0734375
3 0.07734375 0.38359375 0.0453125 0.1953125