3 0.15078125 0.3734375 0.0546875 0.1703125
3 0.7671875 0.3625 0.034375 0.1171875
1 0.6609375 0.3390625 0.034375 0.109375
2 0.71953125 0.41171875 0.034375 0.1390625
2 0.5296875 0.35625 0.025 0.1140625
2 0.56171875 0.37890625 0.0375 0.128125
2 0.50078125 0.384375 0.03125 0.1328125
2 0.4390625 0.309375 0.0140625 0.1
2 0.46796875 0.3234375 0.0234375 0.109375
2 0.49375 0.32109375 0.03125 0.09375
2 0.5078125 0.265625 0.015625 0.0625
2 0.45625 0.27734375 0.0171875 0.0671875
2 0.34140625 0.29140625 0.021875 0.09375
2 0.296875 0.321875 0.0296875 0.1375