0 0.7328125 0.40390625 0.015625 0.0390625
2 0.82890625 0.52421875 0.0640625 0.2515625
2 0.69921875 0.46875 0.0609375 0.2375
2 0.6671875 0.3359375 0.028125 0.125
2 0.58984375 0.30390625 0.03125 0.1015625
2 0.265625 0.5609375 0.0625 0.2546875
2 0.04609375 0.4109375 0.0375 0.15625
2 0.18203125 0.37578125 0.0375 0.140625
2 0.2484375 0.340625 0.03125 0.125
2 0.32265625 0.3125 0.0234375 0.103125
2 0.31015625 0.30546875 0.0109375 0.0984375
1 0.015625 0.34140625 0.03125 0.1171875
3 0.77421875 0.321875 0.03125 0.115625