2 0.67578125 0.28515625 0.0234375 0.109375
0 0.67109375 0.28046875 0.009375 0.0234375
2 0.76875 0.31484375 0.028125 0.1203125
2 0.89375 0.3828125 0.040625 0.15625
2 0.98203125 0.6796875 0.0359375 0.365625
2 0.17265625 0.5140625 0.059375 0.2328125
2 0.32890625 0.40703125 0.0234375 0.15625
2 0.1875 0.4078125 0.0296875 0.1046875
2 0.4046875 0.3484375 0.0234375 0.1265625
2 0.49609375 0.309375 0.0171875 0.10625
2 0.4703125 0.3234375 0.0203125 0.11875
2 0.4390625 0.33125 0.0265625 0.1125
1 0.2375 0.33203125 0.025 0.09375
3 0.14609375 0.3578125 0.0234375 0.0828125
3 0.82890625 0.29609375 0.025 0.1296875