2 0.03671875 0.45703125 0.0328125 0.1421875
2 0.125 0.4265625 0.0359375 0.146875
2 0.23203125 0.4890625 0.04375 0.171875
3 0.19609375 0.484375 0.0296875 0.159375
2 0.19609375 0.40546875 0.025 0.078125
2 0.61484375 0.428125 0.0390625 0.1859375
2 0.26640625 0.41015625 0.0328125 0.134375
2 0.36328125 0.4046875 0.034375 0.1359375
2 0.446875 0.3578125 0.0265625 0.125
2 0.509375 0.3453125 0.0234375 0.10625
2 0.5359375 0.31171875 0.015625 0.0890625
2 0.56015625 0.2875 0.015625 0.071875
2 0.840625 0.3078125 0.0234375 0.1125
1 0.2859375 0.34921875 0.01875 0.103125
3 0.421875 0.3078125 0.0125 0.078125