2 0.26328125 0.37890625 0.0375 0.16875
2 0.3625 0.2859375 0.0296875 0.103125
2 0.41640625 0.2765625 0.0265625 0.0984375
2 0.5484375 0.4078125 0.0296875 0.1578125
2 0.5203125 0.3328125 0.01875 0.125
2 0.61015625 0.32578125 0.028125 0.1265625
2 0.6734375 0.34375 0.0328125 0.13125
2 0.7625 0.57578125 0.0734375 0.271875
2 0.91015625 0.42734375 0.0390625 0.1609375
2 0.525 0.2765625 0.0171875 0.0625
0 0.43984375 0.30703125 0.0140625 0.025
3 0.1609375 0.31171875 0.021875 0.1359375
1 0.85390625 0.3296875 0.01875 0.103125