0 0.7046875 0.29453125 0.015625 0.025
3 0.7953125 0.33515625 0.034375 0.1109375
2 0.10234375 0.4765625 0.0453125 0.1453125
3 0.1375 0.3953125 0.01875 0.1203125
2 0.25703125 0.41015625 0.025 0.1515625
1 0.3765625 0.33125 0.0296875 0.10625
2 0.44296875 0.37421875 0.0234375 0.134375
2 0.47109375 0.35625 0.025 0.1265625
2 0.51796875 0.38125 0.0296875 0.1390625
2 0.5015625 0.3484375 0.0140625 0.1140625
2 0.57109375 0.37265625 0.025 0.109375
2 0.54375 0.321875 0.015625 0.1
2 0.521875 0.296875 0.0140625 0.0546875
2 0.56796875 0.3140625 0.0265625 0.0515625
2 0.63984375 0.33125 0.04375 0.0921875