2 0.884375 0.41640625 0.0234375 0.1203125
0 0.91484375 0.39765625 0.0140625 0.0265625
2 0.50546875 0.46015625 0.04375 0.1984375
2 0.43984375 0.3921875 0.0328125 0.165625
2 0.55546875 0.3484375 0.0171875 0.1171875
2 0.5703125 0.353125 0.01875 0.1390625
2 0.5015625 0.33046875 0.01875 0.1109375
2 0.44765625 0.27421875 0.015625 0.0859375
2 0.48515625 0.28671875 0.0140625 0.084375
2 0.26796875 0.29375 0.0234375 0.109375
2 0.7015625 0.390625 0.0265625 0.1390625
2 0.7796875 0.4109375 0.0265625 0.128125
2 0.86015625 0.4203125 0.021875 0.125
1 0.7390625 0.36640625 0.03125 0.128125
3 0.82265625 0.384375 0.0390625 0.1140625
3 0.20078125 0.309375 0.0328125 0.146875