2 0.25859375 0.46953125 0.046875 0.1625
1 0.36015625 0.33203125 0.0234375 0.0953125
2 0.20390625 0.41796875 0.0296875 0.1484375
2 0.41484375 0.40390625 0.0484375 0.1578125
2 0.7671875 0.69375 0.11328125 0.375
2 0.93515625 0.4765625 0.0578125 0.221875
2 0.67265625 0.37890625 0.0296875 0.159375
2 0.80859375 0.3125 0.0328125 0.115625
2 0.721875 0.2984375 0.0265625 0.09375
2 0.6140625 0.3046875 0.025 0.10625
2 0.63359375 0.31875 0.0265625 0.0921875
2 0.46953125 0.359375 0.025 0.1203125
2 0.515625 0.34375 0.021875 0.1171875
3 0.2171875 0.37109375 0.01875 0.10625
3 0.94765625 0.3359375 0.0265625 0.128125