3 0.12578125 0.325 0.021875 0.1265625
3 0.83828125 0.38046875 0.028125 0.1125
2 0.26796875 0.365625 0.0375 0.1609375
0 0.27578125 0.28125 0.0078125 0.0203125
2 0.17890625 0.3046875 0.021875 0.1171875
2 0.6078125 0.5078125 0.0453125 0.203125
2 0.76640625 0.43515625 0.0421875 0.1453125
2 0.81015625 0.4265625 0.0359375 0.1546875
2 0.646875 0.38828125 0.0265625 0.1265625
2 0.575 0.36640625 0.0234375 0.1265625
2 0.5609375 0.35703125 0.0203125 0.1203125
2 0.5359375 0.3484375 0.0203125 0.1203125
2 0.47734375 0.3296875 0.01875 0.1046875
2 0.4921875 0.2984375 0.0171875 0.078125
2 0.51796875 0.28671875 0.0203125 0.084375
1 0.671875 0.340625 0.0234375 0.1015625