2 0.30859375 0.375 0.0390625 0.1734375
0 0.32890625 0.33046875 0.0125 0.028125
2 0.5421875 0.56015625 0.0734375 0.271875
2 0.8640625 0.4328125 0.040625 0.15
2 0.66875 0.40625 0.0359375 0.1640625
2 0.5125 0.30234375 0.0265625 0.09375
2 0.5390625 0.31015625 0.0140625 0.1203125
2 0.5703125 0.32890625 0.015625 0.1203125
2 0.6046875 0.34765625 0.034375 0.13125
2 0.359375 0.28125 0.0171875 0.0984375
2 0.55859375 0.275 0.0171875 0.075
2 0.525 0.28203125 0.0125 0.0765625
1 0.7390625 0.35078125 0.0328125 0.1171875
3 0.23359375 0.31640625 0.0265625 0.1328125
3 0.971875 0.41015625 0.0484375 0.134375