0 0.3015625 0.3296875 0.009375 0.0203125
3 0.13203125 0.40546875 0.0390625 0.1375
2 0.078125 0.4375 0.028125 0.1171875
2 0.33671875 0.47109375 0.0375 0.1921875
2 0.38828125 0.36171875 0.0296875 0.0921875
2 0.41484375 0.39375 0.01875 0.121875
2 0.4859375 0.3578125 0.03125 0.0921875
2 0.54140625 0.315625 0.0171875 0.096875
2 0.63671875 0.32421875 0.028125 0.0921875
2 0.65390625 0.4953125 0.0484375 0.20625
2 0.74453125 0.38046875 0.0328125 0.15625
2 0.7203125 0.3375 0.0203125 0.1171875
2 0.68984375 0.30703125 0.0203125 0.0984375
2 0.41484375 0.3296875 0.0171875 0.053125