2 0.659375 0.40625 0.028125 0.1609375
0 0.6578125 0.4 0.0125 0.025
2 0.496875 0.34140625 0.01875 0.1140625
2 0.55625 0.32109375 0.015625 0.1046875
2 0.53671875 0.30078125 0.015625 0.078125
2 0.528125 0.2859375 0.0078125 0.059375
2 0.7828125 0.30859375 0.015625 0.1140625
2 0.409375 0.38515625 0.0203125 0.134375
2 0.24921875 0.5171875 0.046875 0.1859375
2 0.2515625 0.4015625 0.0296875 0.109375
2 0.2109375 0.42421875 0.028125 0.140625
2 0.1625 0.42734375 0.0484375 0.1515625
1 0.3203125 0.340625 0.0234375 0.109375
3 0.4015625 0.31171875 0.01875 0.084375
3 0.50703125 0.4953125 0.040625 0.19375
2 0.00703125 0.440625 0.0140625 0.1328125