2 0.8484375 0.3734375 0.0375 0.1546875
0 0.83046875 0.36484375 0.0140625 0.0265625
2 0.615625 0.453125 0.0390625 0.20625
2 0.83125 0.3078125 0.0203125 0.103125
2 0.65078125 0.29453125 0.0171875 0.090625
2 0.57265625 0.303125 0.01875 0.096875
2 0.45625 0.3421875 0.015625 0.11875
2 0.47109375 0.36875 0.0265625 0.1296875
2 0.5046875 0.328125 0.025 0.115625
2 0.36953125 0.39296875 0.0328125 0.153125
2 0.40390625 0.36328125 0.0296875 0.128125
2 0.1859375 0.4890625 0.0453125 0.1734375
2 0.15546875 0.42109375 0.0390625 0.1546875
3 0.425 0.29375 0.0171875 0.0828125
3 0.7328125 0.51796875 0.0484375 0.2390625
1 0.28203125 0.33828125 0.03125 0.1015625