1 0.31953125 0.33359375 0.028125 0.0953125
2 0.10390625 0.4828125 0.0453125 0.1390625
2 0.17265625 0.43984375 0.0484375 0.1734375
2 0.38671875 0.5109375 0.03125 0.2140625
2 0.34375 0.3828125 0.0296875 0.1265625
2 0.38515625 0.36796875 0.025 0.109375
2 0.425 0.37109375 0.021875 0.11875
2 0.49765625 0.346875 0.01875 0.1140625
2 0.809375 0.38125 0.0296875 0.1734375
2 0.840625 0.3125 0.021875 0.1234375
2 0.515625 0.32109375 0.0171875 0.1015625
2 0.490625 0.2765625 0.0140625 0.0515625
3 0.4078125 0.3078125 0.0125 0.08125
3 0.7609375 0.428125 0.0390625 0.175