3 0.6859375 0.43671875 0.0578125 0.1828125
3 0.33125 0.2953125 0.0296875 0.09375
2 0.16171875 0.50703125 0.0859375 0.203125
2 0.47421875 0.38984375 0.0296875 0.1546875
2 0.45546875 0.315625 0.01875 0.10625
2 0.4328125 0.27421875 0.01875 0.0796875
2 0.41875 0.2765625 0.0125 0.0515625
2 0.40234375 0.35546875 0.025 0.11875
2 0.39296875 0.32109375 0.0234375 0.0921875
2 0.5 0.3234375 0.025 0.134375
2 0.2484375 0.39140625 0.0296875 0.13125
0 0.47421875 0.27578125 0.0125 0.0234375
1 0.240625 0.31484375 0.028125 0.071875