0 0.4765625 0.51328125 0.0171875 0.0359375
3 0.18984375 0.31328125 0.0265625 0.1203125
3 0.8953125 0.37890625 0.0234375 0.0671875
1 0.68046875 0.33828125 0.01875 0.0984375
2 0.2515625 0.3546875 0.040625 0.1609375
2 0.26875 0.28359375 0.015625 0.0953125
2 0.50859375 0.57265625 0.059375 0.26875
2 0.74140625 0.42890625 0.0328125 0.1515625
2 0.603125 0.40703125 0.0265625 0.1421875
2 0.61953125 0.36640625 0.01875 0.09375
2 0.49375 0.33203125 0.03125 0.1171875
2 0.415625 0.3125 0.0171875 0.109375
2 0.44453125 0.31953125 0.028125 0.1046875