2 0.27109375 0.48046875 0.04375 0.190625
0 0.29765625 0.4984375 0.0125 0.025
2 0.103125 0.45546875 0.0359375 0.1296875
2 0.1859375 0.43984375 0.040625 0.1546875
2 0.3171875 0.41484375 0.0390625 0.1265625
2 0.62734375 0.41953125 0.0390625 0.1671875
2 0.59375 0.3484375 0.0296875 0.0953125
2 0.7828125 0.3015625 0.025 0.1125
2 0.43203125 0.3640625 0.01875 0.1203125
2 0.4484375 0.35390625 0.0234375 0.121875
2 0.46875 0.34921875 0.03125 0.125
2 0.48984375 0.2875 0.0171875 0.0828125
2 0.5078125 0.30625 0.0140625 0.078125
3 0.84453125 0.34921875 0.034375 0.1375
3 0.1671875 0.3546875 0.021875 0.0703125
1 0.29453125 0.34921875 0.0296875 0.0921875