2 0.73125 0.4015625 0.01875 0.1234375
2 0.71328125 0.4234375 0.021875 0.140625
1 0.703125 0.33671875 0.0296875 0.0984375
3 0.86015625 0.3953125 0.0296875 0.1265625
2 0.3140625 0.40390625 0.03125 0.140625
2 0.22109375 0.296875 0.0203125 0.1125
2 0.471875 0.31015625 0.021875 0.075
2 0.45078125 0.28515625 0.0140625 0.078125
2 0.428125 0.334375 0.021875 0.096875
2 0.54921875 0.35390625 0.0265625 0.121875
2 0.62421875 0.36796875 0.0265625 0.13125
2 0.84296875 0.49609375 0.0453125 0.115625
2 0.8328125 0.43515625 0.028125 0.1421875
2 0.8109375 0.41015625 0.0265625 0.1484375