3 0.07734375 0.3171875 0.0296875 0.1234375
3 0.89765625 0.3875 0.034375 0.1171875
2 0.15390625 0.309375 0.0234375 0.125
2 0.3984375 0.52578125 0.0515625 0.2625
2 0.23125 0.365625 0.0328125 0.1578125
2 0.2703125 0.31484375 0.0328125 0.1015625
2 0.47890625 0.33203125 0.0234375 0.1109375
2 0.52421875 0.35 0.03125 0.1265625
2 0.56796875 0.37890625 0.0296875 0.1375
2 0.66484375 0.4109375 0.0359375 0.146875
2 0.76484375 0.55078125 0.034375 0.225
1 0.73671875 0.34375 0.025 0.10625
2 0.78046875 0.48203125 0.03046875 0.11171875