3 0.8234375 0.3078125 0.01875 0.14375
3 0.209375 0.3703125 0.025 0.1046875
2 0.73203125 0.32734375 0.0265625 0.1234375
0 0.70625 0.38359375 0.0125 0.0296875
2 0.7046875 0.271875 0.0203125 0.1
2 0.46640625 0.54921875 0.0453125 0.2515625
2 0.4203125 0.4546875 0.0328125 0.2109375
2 0.190625 0.4296875 0.03125 0.15625
2 0.50703125 0.32109375 0.015625 0.1078125
2 0.478125 0.3421875 0.01875 0.1234375
2 0.53984375 0.30390625 0.0234375 0.10625
2 0.53046875 0.271875 0.0109375 0.0609375
2 0.51640625 0.2703125 0.0125 0.065625
1 0.34296875 0.32578125 0.0234375 0.1171875