2 0.378125 0.40859375 0.0390625 0.1734375
2 0.7140625 0.47578125 0.034375 0.159375
2 0.7328125 0.415625 0.028125 0.128125
2 0.97109375 0.4609375 0.040625 0.15625
2 0.8859375 0.440625 0.0515625 0.15625
2 0.72421875 0.3703125 0.01875 0.078125
2 0.63125 0.384375 0.0328125 0.1203125
2 0.54375 0.35 0.03125 0.1328125
2 0.421875 0.33359375 0.03125 0.0984375
2 0.46640625 0.31328125 0.028125 0.090625
2 0.20078125 0.2921875 0.0234375 0.10625
2 0.459375 0.28125 0.01875 0.05
3 0.60234375 0.47734375 0.0359375 0.175
3 0.86015625 0.39140625 0.0265625 0.10625
1 0.703125 0.35625 0.0296875 0.0984375