3 0.0859375 0.3984375 0.0375 0.1296875
3 0.80234375 0.33984375 0.05 0.1296875
2 0.14921875 0.421875 0.0328125 0.1375
2 0.38515625 0.371875 0.0234375 0.1328125
2 0.40390625 0.36875 0.03125 0.1328125
2 0.45390625 0.36171875 0.0328125 0.11875
2 0.66875 0.4015625 0.040625 0.1578125
2 0.5390625 0.33125 0.021875 0.096875
2 0.4859375 0.2875 0.0171875 0.0703125
2 0.509375 0.30390625 0.0171875 0.075
2 0.5609375 0.32265625 0.0234375 0.0796875
2 0.603125 0.32578125 0.028125 0.1046875
2 0.665625 0.309375 0.0234375 0.0765625
1 0.3453125 0.3390625 0.015625 0.109375