2 0.19140625 0.359375 0.034375 0.1640625
2 0.16875 0.27578125 0.021875 0.10625
0 0.18203125 0.27734375 0.0140625 0.0265625
3 0.0640625 0.3 0.0375 0.1375
3 0.77578125 0.37421875 0.028125 0.109375
2 0.27421875 0.26875 0.01875 0.0984375
2 0.3859375 0.309375 0.01875 0.115625
2 0.40859375 0.5078125 0.046875 0.24375
2 0.65234375 0.5140625 0.0671875 0.234375
2 0.72578125 0.434375 0.040625 0.15
2 0.5453125 0.409375 0.0484375 0.178125
2 0.44921875 0.32265625 0.021875 0.1140625
2 0.4890625 0.340625 0.0234375 0.128125
2 0.40625 0.2984375 0.0234375 0.103125
2 0.4390625 0.28125 0.01875 0.075
1 0.634375 0.32734375 0.0265625 0.0984375