2 0.74609375 0.40625 0.0328125 0.1703125
0 0.73046875 0.3734375 0.009375 0.03125
2 0.52734375 0.51640625 0.046875 0.2203125
2 0.06171875 0.46875 0.0421875 0.165625
2 0.14375 0.41875 0.0484375 0.121875
2 0.36484375 0.39375 0.0296875 0.1390625
2 0.3796875 0.37109375 0.0265625 0.13125
2 0.409375 0.3734375 0.0328125 0.1296875
2 0.496875 0.34375 0.0234375 0.1203125
2 0.53671875 0.315625 0.0234375 0.0828125
2 0.55625 0.2890625 0.021875 0.0859375
2 0.68203125 0.32578125 0.040625 0.1078125
2 0.85859375 0.3015625 0.025 0.103125
3 0.91640625 0.3859375 0.0359375 0.1609375
3 0.2140625 0.36484375 0.03125 0.1125
1 0.3171875 0.33515625 0.0265625 0.1015625