3 0.18203125 0.39765625 0.0390625 0.1671875
3 0.8 0.37421875 0.021875 0.1078125
2 0.92578125 0.42109375 0.0296875 0.0734375
2 0.8734375 0.41640625 0.0328125 0.1421875
2 0.7515625 0.40078125 0.01875 0.13125
2 0.67734375 0.3953125 0.0140625 0.1125
2 0.6875 0.36875 0.0109375 0.090625
1 0.6953125 0.3484375 0.0171875 0.09375
2 0.58359375 0.36328125 0.0296875 0.1203125
2 0.41484375 0.44765625 0.0375 0.171875
2 0.43984375 0.4203125 0.0265625 0.1125
2 0.41484375 0.3234375 0.028125 0.0765625
2 0.475 0.296875 0.01875 0.08125
2 0.246875 0.30546875 0.025 0.1015625