2 0.52265625 0.3421875 0.0359375 0.1125
2 0.5578125 0.33671875 0.03125 0.1015625
0 0.57578125 0.31328125 0.0109375 0.01875
2 0.665625 0.34453125 0.040625 0.13125
2 0.47265625 0.35234375 0.01875 0.11875
2 0.34609375 0.471875 0.0453125 0.1921875
2 0.38125 0.384375 0.0140625 0.1265625
2 0.39453125 0.375 0.015625 0.1234375
2 0.24765625 0.4359375 0.0328125 0.159375
2 0.0125 0.4359375 0.025 0.1390625
2 0.4984375 0.28359375 0.015625 0.0625
2 0.51015625 0.296875 0.0203125 0.0671875
3 0.70625 0.4234375 0.059375 0.1796875
3 0.38828125 0.3046875 0.0203125 0.053125
1 0.35546875 0.34140625 0.03125 0.1