2 0.728125 0.29609375 0.0203125 0.0953125
2 0.66484375 0.4078125 0.034375 0.1625
2 0.42265625 0.5234375 0.05 0.225
2 0.165625 0.4359375 0.0328125 0.146875
2 0.33515625 0.40234375 0.025 0.13125
2 0.43203125 0.36953125 0.0265625 0.13125
2 0.528125 0.3578125 0.03125 0.1109375
2 0.56171875 0.33671875 0.0234375 0.1046875
2 0.50546875 0.35 0.0234375 0.1234375
2 0.5265625 0.28984375 0.015625 0.0734375
1 0.3046875 0.3453125 0.028125 0.109375
3 0.4109375 0.31171875 0.0171875 0.0765625
3 0.85859375 0.49765625 0.05 0.2421875
2 0.01015625 0.44765625 0.0203125 0.10703125