3 0.21953125 0.52109375 0.05625 0.2640625
2 0.7265625 0.42109375 0.040625 0.1609375
3 0.74453125 0.303125 0.021875 0.071875
2 0.1578125 0.34609375 0.046875 0.165625
2 0.36640625 0.40625 0.05625 0.1859375
2 0.45234375 0.29296875 0.025 0.1046875
2 0.53828125 0.28359375 0.025 0.071875
2 0.57421875 0.321875 0.025 0.096875
2 0.68671875 0.365625 0.0421875 0.0875
2 0.87109375 0.4390625 0.0421875 0.15625
2 0.60625 0.325 0.0140625 0.1
2 0.61796875 0.31796875 0.0109375 0.0984375
1 0.81171875 0.33828125 0.021875 0.1171875