3 0.11171875 0.3125 0.034375 0.1375
3 0.78671875 0.371875 0.0328125 0.1109375
2 0.42421875 0.37265625 0.0296875 0.146875
2 0.434375 0.28671875 0.0234375 0.0640625
2 0.42109375 0.26796875 0.015625 0.05625
2 0.46171875 0.2796875 0.0171875 0.071875
0 0.4671875 0.315625 0.0109375 0.0234375
2 0.27890625 0.27578125 0.0234375 0.1125
2 0.515625 0.32890625 0.0171875 0.1140625
2 0.5359375 0.334375 0.0234375 0.115625
2 0.584375 0.36328125 0.0328125 0.128125
2 0.809375 0.52734375 0.0375 0.184375
2 0.81328125 0.4125 0.025 0.10625
2 0.9359375 0.44765625 0.0296875 0.1515625
2 0.68125 0.40625 0.034375 0.14375
1 0.6890625 0.32421875 0.028125 0.0875