2 0.521875 0.54609375 0.0859375 0.265625
0 0.48828125 0.45078125 0.01875 0.04375
2 0.715625 0.56328125 0.078125 0.259375
2 0.7828125 0.4203125 0.04375 0.1609375
2 0.70234375 0.365625 0.0390625 0.1515625
2 0.62734375 0.33828125 0.0265625 0.1296875
2 0.56875 0.3140625 0.021875 0.1
2 0.29375 0.40546875 0.0609375 0.184375
2 0.33828125 0.303125 0.0203125 0.10625
2 0.52265625 0.2984375 0.0203125 0.09375
3 0.2328125 0.59375 0.0703125 0.3
3 0.78984375 0.3140625 0.0203125 0.0921875
1 0.8890625 0.3421875 0.034375 0.115625