0 0.24375 0.35 0.0109375 0.021875
2 0.225 0.28046875 0.03125 0.1125
2 0.2828125 0.32890625 0.03125 0.1078125
2 0.446875 0.3078125 0.0203125 0.109375
2 0.5640625 0.5203125 0.0546875 0.225
2 0.7359375 0.415625 0.040625 0.1640625
2 0.9 0.4609375 0.046875 0.1625
2 0.5859375 0.3796875 0.0171875 0.1234375
2 0.465625 0.31015625 0.0140625 0.1140625
2 0.4828125 0.33125 0.0171875 0.13125
2 0.5078125 0.3421875 0.0171875 0.128125
2 0.478125 0.2578125 0.0125 0.0484375
1 0.65859375 0.33828125 0.0265625 0.1125
3 0.28359375 0.4453125 0.040625 0.2078125
3 0.56328125 0.29765625 0.0265625 0.08125