2 0.178125 0.4734375 0.0453125 0.1890625
2 0.2515625 0.4125 0.03125 0.1609375
2 0.278125 0.39609375 0.025 0.1421875
2 0.3484375 0.38515625 0.021875 0.1359375
2 0.4625 0.3625 0.0203125 0.125
2 0.48203125 0.36796875 0.0265625 0.10625
2 0.57265625 0.36953125 0.028125 0.11875
2 0.51171875 0.365625 0.0171875 0.0984375
2 0.52734375 0.33984375 0.01875 0.09375
2 0.575 0.29296875 0.021875 0.0734375
2 0.49296875 0.2890625 0.0125 0.0609375
2 0.50546875 0.3 0.0140625 0.0609375
3 0.43046875 0.30546875 0.01875 0.0765625
3 0.5296875 0.43828125 0.028125 0.1578125
1 0.33359375 0.34140625 0.0203125 0.09375