2 0.928125 0.45234375 0.0328125 0.1328125
2 0.88515625 0.43984375 0.0390625 0.1546875
2 0.615625 0.52578125 0.0578125 0.2078125
2 0.634375 0.3859375 0.0265625 0.1046875
2 0.18984375 0.3671875 0.03125 0.1578125
2 0.13671875 0.321875 0.0203125 0.13125
2 0.38515625 0.32265625 0.0203125 0.1046875
2 0.346875 0.3015625 0.0265625 0.09375
2 0.32265625 0.30078125 0.0265625 0.0953125
2 0.5203125 0.3609375 0.0296875 0.1203125
2 0.48671875 0.35859375 0.0265625 0.115625
2 0.46484375 0.34609375 0.01875 0.128125
1 0.64921875 0.315625 0.0171875 0.0734375
3 0.95234375 0.40625 0.03125 0.1109375
3 0.04453125 0.36484375 0.0375 0.153125
0 0.1140625 0.26640625 0.0125 0.0234375