1 0.68046875 0.33359375 0.028125 0.0953125
2 0.89609375 0.4828125 0.046875 0.1390625
2 0.82734375 0.43984375 0.05 0.1734375
2 0.61328125 0.5109375 0.03125 0.2140625
2 0.65625 0.3828125 0.0296875 0.1265625
2 0.61484375 0.36796875 0.0265625 0.109375
2 0.575 0.37109375 0.021875 0.11875
2 0.50234375 0.346875 0.01875 0.1140625
2 0.190625 0.38125 0.0296875 0.1734375
2 0.159375 0.3125 0.021875 0.1234375
2 0.484375 0.32109375 0.0171875 0.1015625
2 0.509375 0.2765625 0.0125 0.0515625
3 0.5921875 0.3078125 0.0125 0.08125
3 0.2390625 0.428125 0.0390625 0.175