2 0.38359375 0.54453125 0.0390625 0.25625
2 0.15234375 0.49296875 0.0453125 0.16875
2 0.19296875 0.4578125 0.0515625 0.16875
2 0.35625 0.3890625 0.03125 0.1171875
2 0.40703125 0.365625 0.0359375 0.1265625
2 0.4484375 0.37265625 0.0328125 0.134375
2 0.734375 0.40625 0.0375 0.175
2 0.81015625 0.3109375 0.0359375 0.109375
2 0.5453125 0.33046875 0.0203125 0.1171875
2 0.56328125 0.30390625 0.01875 0.090625
2 0.59609375 0.296875 0.0203125 0.0765625
2 0.49140625 0.346875 0.025 0.1171875
0 0.7484375 0.396875 0.015625 0.021875
3 0.88671875 0.34375 0.0265625 0.1484375
3 0.2046875 0.365625 0.028125 0.1140625
1 0.31328125 0.33984375 0.0328125 0.1046875