0 0.27265625 0.45859375 0.015625 0.0375
2 0.14765625 0.4984375 0.0484375 0.1796875
2 0.1796875 0.45859375 0.0375 0.171875
2 0.3109375 0.50546875 0.0484375 0.2109375
2 0.3328125 0.40859375 0.034375 0.1421875
2 0.4390625 0.3578125 0.028125 0.1296875
2 0.46875 0.34375 0.0265625 0.115625
2 0.49375 0.34609375 0.028125 0.121875
2 0.590625 0.3328125 0.01875 0.109375
2 0.7875 0.41953125 0.0546875 0.1796875
2 0.8515625 0.31328125 0.0265625 0.1265625
2 0.60703125 0.3046875 0.0125 0.09375
2 0.62578125 0.290625 0.01875 0.0765625
1 0.30390625 0.3484375 0.0265625 0.1046875
3 0.0703125 0.4015625 0.0375 0.1234375
3 0.93203125 0.35703125 0.040625 0.1578125