2 0.96875 0.69765625 0.0625 0.3640625
2 0.52265625 0.61484375 0.0859375 0.3328125
2 0.90078125 0.37890625 0.0390625 0.1984375
2 0.85078125 0.30546875 0.0359375 0.1421875
2 0.7953125 0.290625 0.028125 0.1078125
2 0.65625 0.33671875 0.0375 0.1421875
2 0.57421875 0.3078125 0.025 0.1203125
2 0.5203125 0.325 0.0203125 0.121875
2 0.49453125 0.29609375 0.0203125 0.0875
2 0.49140625 0.409375 0.0296875 0.1609375
2 0.4640625 0.33984375 0.0265625 0.1375
2 0.20625 0.421875 0.0421875 0.146875
3 0.3640625 0.3140625 0.0234375 0.0984375
1 0.275 0.33515625 0.0296875 0.10625