2 0.2984375 0.41328125 0.0296875 0.1265625
2 0.05390625 0.4453125 0.0453125 0.159375
2 0.4390625 0.48515625 0.0328125 0.196875
2 0.51328125 0.33359375 0.0328125 0.1203125
2 0.53984375 0.2921875 0.0125 0.0765625
2 0.63671875 0.31875 0.0296875 0.10625
3 0.78671875 0.39453125 0.0328125 0.196875
2 0.7515625 0.35625 0.0265625 0.1625
2 0.73671875 0.28046875 0.0265625 0.1
2 0.45234375 0.35703125 0.0203125 0.134375
3 0.43203125 0.29453125 0.01875 0.0703125
1 0.32890625 0.3375 0.021875 0.10625
2 0.4203125 0.36796875 0.0234375 0.1