2 0.4828125 0.615625 0.0578125 0.2875
2 0.6171875 0.41171875 0.03125 0.171875
2 0.778125 0.30703125 0.0328125 0.1171875
2 0.52421875 0.3671875 0.0296875 0.1171875
2 0.52421875 0.29453125 0.0125 0.0484375
2 0.4375 0.371875 0.0296875 0.109375
2 0.44921875 0.34375 0.0203125 0.0984375
2 0.39765625 0.38046875 0.034375 0.1296875
2 0.33984375 0.53515625 0.0671875 0.23125
2 0.23125 0.4390625 0.0421875 0.15625
2 0.25703125 0.44609375 0.03125 0.13125
3 0.13046875 0.39765625 0.0328125 0.1171875
3 0.82578125 0.365625 0.034375 0.1453125
1 0.2921875 0.35078125 0.0234375 0.10625
2 0.52890625 0.2828125 0.0140625 0.046875