0 0.67109375 0.39375 0.015625 0.0375
2 0.0125 0.434375 0.025 0.1359375
2 0.17734375 0.43671875 0.040625 0.1484375
2 0.3828125 0.40078125 0.0375 0.14375
2 0.60859375 0.52109375 0.046875 0.2484375
2 0.8515625 0.46484375 0.0765625 0.1984375
2 0.85078125 0.3015625 0.0328125 0.1125
2 0.57265625 0.33046875 0.028125 0.1015625
2 0.503125 0.36796875 0.028125 0.11875
2 0.43203125 0.3734375 0.0265625 0.1203125
1 0.33203125 0.34765625 0.028125 0.10625
3 0.42734375 0.29375 0.01875 0.0625
3 0.93203125 0.546875 0.078125 0.28125
2 0.4984375 0.28046875 0.01875 0.04375