2 0.7015625 0.41328125 0.0296875 0.1265625
2 0.94609375 0.4453125 0.0453125 0.159375
2 0.5609375 0.48515625 0.0328125 0.196875
2 0.48671875 0.33359375 0.0328125 0.1203125
2 0.46015625 0.2921875 0.0125 0.0765625
2 0.36328125 0.31875 0.0296875 0.10625
3 0.21328125 0.39453125 0.0328125 0.196875
2 0.2484375 0.35625 0.0265625 0.1625
2 0.26328125 0.28046875 0.0265625 0.1
2 0.54765625 0.35703125 0.0203125 0.134375
3 0.56796875 0.29453125 0.01875 0.0703125
1 0.67109375 0.3375 0.021875 0.10625
2 0.5796875 0.36796875 0.0234375 0.1