2 0.8 0.30078125 0.0234375 0.1265625
2 0.6765625 0.3203125 0.0265625 0.153125
2 0.62734375 0.4265625 0.034375 0.18125
2 0.50625 0.52890625 0.07109375 0.22890625
2 0.43984375 0.47421875 0.046875 0.1953125
2 0.2796875 0.5046875 0.05625 0.225
2 0.47109375 0.34296875 0.021875 0.1140625
2 0.60625 0.2984375 0.0234375 0.10625
2 0.58359375 0.27734375 0.01875 0.0765625
3 0.540625 0.33203125 0.0265625 0.1078125
2 0.53203125 0.2828125 0.01875 0.071875
3 0.44921875 0.33671875 0.0234375 0.1046875
1 0.3734375 0.334375 0.0296875 0.1