3 0.346875 0.50625 0.0515625 0.23125
2 0.54140625 0.35859375 0.0203125 0.13125
3 0.55625 0.29453125 0.015625 0.0953125
2 0.24609375 0.34453125 0.0265625 0.1625
2 0.19375 0.27734375 0.0203125 0.1171875
2 0.403125 0.3125 0.021875 0.115625
2 0.48828125 0.2984375 0.0234375 0.09375
2 0.36171875 0.2734375 0.015625 0.0890625
2 0.62109375 0.396875 0.0296875 0.146875
2 0.8078125 0.45078125 0.04375 0.1578125
2 0.92421875 0.46171875 0.0515625 0.1546875
2 0.52265625 0.45703125 0.0234375 0.1859375
2 0.49765625 0.45234375 0.025 0.1828125
2 0.50859375 0.346875 0.0296875 0.0703125
1 0.64609375 0.33828125 0.025 0.1078125