2 0.23359375 0.42734375 0.03125 0.1609375
0 0.24765625 0.34921875 0.0140625 0.028125
2 0.31640625 0.39375 0.025 0.125
2 0.17890625 0.434375 0.0328125 0.084375
2 0.44296875 0.36171875 0.025 0.1484375
2 0.4203125 0.36953125 0.0265625 0.078125
2 0.57578125 0.2921875 0.0125 0.0984375
2 0.54609375 0.309375 0.0203125 0.11875
2 0.62890625 0.34375 0.03125 0.1265625
2 0.58125 0.49453125 0.0390625 0.2125
2 0.96171875 0.3078125 0.0515625 0.13125
2 0.6515625 0.27421875 0.025 0.0859375
3 0.43203125 0.2875 0.025 0.059375