3 0.81796875 0.39765625 0.0390625 0.1671875
3 0.2 0.37421875 0.021875 0.1078125
2 0.07421875 0.42109375 0.0296875 0.0734375
2 0.1265625 0.41640625 0.0328125 0.1421875
2 0.2484375 0.40078125 0.01875 0.13125
2 0.32265625 0.3953125 0.0140625 0.1125
2 0.3125 0.36875 0.0109375 0.090625
1 0.3046875 0.3484375 0.0171875 0.09375
2 0.41640625 0.36328125 0.0296875 0.1203125
2 0.58515625 0.44765625 0.0359375 0.171875
2 0.56015625 0.4203125 0.0265625 0.1125
2 0.58515625 0.3234375 0.028125 0.0765625
2 0.525 0.296875 0.01875 0.08125
2 0.753125 0.30546875 0.0234375 0.1015625