1 0.78828125 0.3515625 0.0359375 0.1171875
3 0.04609375 0.740625 0.071875 0.1953125
3 0.72265625 0.30703125 0.0296875 0.1140625
2 0.18515625 0.51875 0.0546875 0.1328125
2 0.1921875 0.66953125 0.046875 0.1921875
0 0.2125 0.5546875 0.0140625 0.0296875
2 0.0125 0.559375 0.025 0.1640625
2 0.2171875 0.3390625 0.03125 0.13125
2 0.4125 0.3 0.0234375 0.103125
2 0.48359375 0.30859375 0.025 0.1109375
2 0.51640625 0.353125 0.0234375 0.1109375
2 0.5453125 0.384375 0.0375 0.1234375
2 0.58359375 0.396875 0.0390625 0.1265625
2 0.62265625 0.5234375 0.0421875 0.1671875
2 0.82578125 0.48203125 0.05 0.15