2 0.76171875 0.6234375 0.0484375 0.1984375
0 0.7703125 0.534375 0.015625 0.0296875
2 0.825 0.634375 0.0484375 0.184375
2 0.71796875 0.375 0.0390625 0.1296875
2 0.68828125 0.33515625 0.01875 0.1171875
2 0.60078125 0.47890625 0.05 0.159375
2 0.63203125 0.80625 0.0453125 0.15625
2 0.3078125 0.3109375 0.0359375 0.10625
2 0.359375 0.36484375 0.025 0.11875
2 0.2828125 0.43671875 0.0359375 0.1359375
2 0.31484375 0.41875 0.0375 0.1375
2 0.22578125 0.51796875 0.046875 0.15625
2 0.065625 0.546875 0.0359375 0.159375
1 0.0515625 0.39375 0.040625 0.1171875
3 0.90703125 0.43671875 0.04375 0.1359375