0 0.43984375 0.59296875 0.0140625 0.025
2 0.5015625 0.72734375 0.071875 0.19375
2 0.22578125 0.596875 0.0375 0.1875
2 0.1828125 0.41328125 0.028125 0.1265625
2 0.5296875 0.2984375 0.0234375 0.1125
2 0.4921875 0.3453125 0.028125 0.1015625
2 0.51875 0.46640625 0.025 0.1546875
2 0.48125 0.43515625 0.025 0.1390625
2 0.45234375 0.43125 0.03125 0.1375
2 0.5640625 0.56171875 0.04375 0.1640625
2 0.78828125 0.5953125 0.04375 0.16875
2 0.965625 0.64375 0.034375 0.1359375
1 0.73046875 0.4203125 0.05 0.125
3 0.63828125 0.3515625 0.0328125 0.1171875
3 0.13203125 0.71171875 0.0609375 0.2046875