2 0.60859375 0.74921875 0.065625 0.2328125
0 0.634375 0.6265625 0.0125 0.0359375
2 0.7921875 0.67890625 0.0546875 0.2109375
2 0.8578125 0.40703125 0.034375 0.1390625
2 0.48671875 0.54765625 0.0359375 0.1828125
2 0.48515625 0.44453125 0.0296875 0.1203125
2 0.515625 0.42734375 0.03125 0.1453125
2 0.5328125 0.34765625 0.0203125 0.0890625
2 0.56875 0.328125 0.028125 0.125
2 0.5484375 0.43359375 0.040625 0.140625
2 0.4140625 0.628125 0.0484375 0.171875
2 0.1625 0.68984375 0.046875 0.1796875
2 0.1078125 0.67578125 0.0453125 0.1484375
3 0.096875 0.50625 0.0390625 0.1640625
1 0.253125 0.42734375 0.0390625 0.1421875
3 0.984375 0.53359375 0.03125 0.1578125