2 0.96328125 0.55625 0.0421875 0.178125
0 0.928125 0.6078125 0.01875 0.028125
2 0.79921875 0.53125 0.0375 0.1734375
2 0.759375 0.65625 0.05 0.2078125
2 0.53671875 0.55703125 0.040625 0.1984375
2 0.47578125 0.52109375 0.0296875 0.190625
2 0.45234375 0.565625 0.0421875 0.2
2 0.34921875 0.6546875 0.0546875 0.2140625
2 0.34453125 0.46015625 0.0375 0.1640625
2 0.38671875 0.37734375 0.0359375 0.15625
2 0.0171875 0.4109375 0.034375 0.178125
2 0.36640625 0.30546875 0.03125 0.1296875
3 0.146875 0.61953125 0.0640625 0.20625
3 0.84609375 0.49453125 0.034375 0.184375
1 0.71171875 0.43203125 0.053125 0.16875