3 0.596875 0.3515625 0.034375 0.1609375
3 0.2171875 0.634375 0.034375 0.2109375
2 0.72890625 0.66953125 0.0484375 0.215625
2 0.8421875 0.7578125 0.0484375 0.1890625
2 0.4140625 0.58125 0.0296875 0.1953125
2 0.44921875 0.521875 0.0328125 0.1921875
2 0.35234375 0.5515625 0.034375 0.16875
2 0.40390625 0.484375 0.028125 0.1765625
2 0.34453125 0.45390625 0.028125 0.1453125
2 0.28359375 0.41328125 0.0296875 0.1390625
2 0.2625 0.52578125 0.0328125 0.1921875
2 0.2421875 0.43984375 0.03125 0.1546875
2 0.03671875 0.4625 0.034375 0.153125
0 0.2671875 0.5328125 0.015625 0.0328125
1 0.69765625 0.42578125 0.0515625 0.15390625
2 0.175 0.6234375 0.05 0.2109375