0 0.20390625 0.5609375 0.0125 0.0234375
3 0.0625 0.784375 0.0625 0.203125
3 0.6125 0.36171875 0.0390625 0.121875
1 0.7265625 0.43359375 0.034375 0.1328125
2 0.19453125 0.41171875 0.034375 0.1390625
2 0.1625 0.58203125 0.0671875 0.1703125
2 0.24921875 0.74296875 0.071875 0.2296875
2 0.32109375 0.56015625 0.0390625 0.1828125
2 0.32421875 0.459375 0.0359375 0.125
2 0.45859375 0.3828125 0.0390625 0.1265625
2 0.5046875 0.5296875 0.0375 0.1359375
2 0.53046875 0.56640625 0.0328125 0.1578125
2 0.55390625 0.54375 0.0328125 0.1796875
2 0.740625 0.6015625 0.04375 0.1765625
2 0.50078125 0.3125 0.0328125 0.121875