2 0.40078125 0.8046875 0.084375 0.165625
0 0.43046875 0.74609375 0.0125 0.0359375
2 0.19375 0.5765625 0.04375 0.184375
2 0.15390625 0.4140625 0.0296875 0.134375
2 0.28984375 0.35859375 0.034375 0.121875
2 0.38046875 0.378125 0.0328125 0.1203125
2 0.4609375 0.4484375 0.0296875 0.1375
2 0.48125 0.5 0.025 0.1703125
2 0.58046875 0.51875 0.0296875 0.1765625
2 0.61640625 0.57578125 0.0265625 0.1765625
2 0.6390625 0.596875 0.028125 0.1796875
2 0.76796875 0.64921875 0.0421875 0.171875
3 0.0921875 0.5328125 0.0484375 0.1625
3 0.86796875 0.471875 0.0375 0.1421875
1 0.7328125 0.41953125 0.0390625 0.1390625