2 0.59609375 0.42578125 0.03125 0.1390625
2 0.63125 0.43125 0.046875 0.1625
0 0.621875 0.409375 0.0125 0.0296875
2 0.71796875 0.56953125 0.0625 0.1765625
2 0.2421875 0.6515625 0.0578125 0.2109375
2 0.32734375 0.77265625 0.071875 0.215625
2 0.44765625 0.58203125 0.0609375 0.1953125
2 0.5078125 0.51640625 0.046875 0.15
2 0.50703125 0.434375 0.021875 0.0390625
2 0.5640625 0.48828125 0.0375 0.15625
2 0.5640625 0.3609375 0.034375 0.1046875
2 0.53984375 0.32109375 0.0234375 0.0953125
1 0.3359375 0.42578125 0.03125 0.1484375
3 0.3609375 0.37890625 0.0265625 0.13125
3 0.94765625 0.7640625 0.0640625 0.2109375