2 0.54609375 0.5328125 0.046875 0.171875
2 0.5828125 0.52265625 0.04375 0.15
0 0.57421875 0.55390625 0.0171875 0.04375
3 0.9078125 0.778125 0.05 0.21953125
3 0.3921875 0.365625 0.034375 0.1515625
1 0.3 0.41953125 0.0625 0.1609375
2 0.18984375 0.63046875 0.0734375 0.19375
2 0.3578125 0.546875 0.0421875 0.1875
2 0.39140625 0.546875 0.0421875 0.171875
2 0.5 0.53359375 0.046875 0.1546875
2 0.609375 0.609375 0.05546875 0.1625
2 0.625 0.46796875 0.0453125 0.1421875
2 0.6515625 0.4046875 0.05 0.1359375
2 0.8171875 0.42890625 0.05 0.14609375
2 0.5421875 0.303125 0.03125 0.109375