2 0.1359375 0.584375 0.046875 0.184375
0 0.14140625 0.58203125 0.0171875 0.0375
1 0.6890625 0.4078125 0.0296875 0.171875
3 0.8796875 0.48828125 0.05 0.184375
3 0.0703125 0.6921875 0.05625 0.21875
2 0.090625 0.425 0.0390625 0.15625
2 0.49140625 0.8 0.065625 0.175
2 0.87578125 0.74140625 0.0578125 0.171875
2 0.75859375 0.63125 0.0546875 0.184375
2 0.5203125 0.5421875 0.0265625 0.19375
2 0.5390625 0.5796875 0.0328125 0.175
2 0.5640625 0.6078125 0.040625 0.2109375
2 0.37265625 0.49921875 0.0515625 0.175
2 0.31875 0.4078125 0.0390625 0.16875
2 0.425 0.3578125 0.0390625 0.1390625
2 0.45859375 0.31171875 0.0328125 0.1234375