3 0.5828125 0.3171875 0.025 0.0734375
0 0.51328125 0.41640625 0.0125 0.028125
2 0.9265625 0.65546875 0.040625 0.190625
2 0.68046875 0.60625 0.0921875 0.1953125
2 0.65859375 0.74453125 0.0484375 0.2515625
2 0.47578125 0.54140625 0.040625 0.2140625
2 0.3140625 0.5140625 0.0453125 0.2046875
2 0.08828125 0.4546875 0.0484375 0.1953125
2 0.03125 0.6375 0.053125 0.21875
2 0.15703125 0.74296875 0.0765625 0.2265625
2 0.3 0.375 0.0359375 0.1671875
2 0.26796875 0.371875 0.0390625 0.1546875
1 0.57109375 0.40234375 0.0421875 0.153125