0 0.1984375 0.4421875 0.0140625 0.0296875
2 0.1109375 0.3984375 0.0484375 0.1734375
2 0.08046875 0.6140625 0.0546875 0.2078125
2 0.2265625 0.4765625 0.046875 0.1921875
2 0.22578125 0.35703125 0.028125 0.10625
2 0.253125 0.37265625 0.034375 0.171875
2 0.353125 0.3890625 0.0234375 0.1671875
2 0.371875 0.47578125 0.053125 0.128125
2 0.4421875 0.5203125 0.046875 0.1984375
2 0.63125 0.5875 0.0453125 0.20625
2 0.771875 0.6234375 0.053125 0.215625
2 0.8625 0.73125 0.065625 0.225
2 0.521875 0.8234375 0.0546875 0.125
1 0.69765625 0.4046875 0.0390625 0.1671875
3 0.8609375 0.55 0.0515625 0.175