2 0.25859375 0.49921875 0.040625 0.153125
0 0.2875 0.4984375 0.0125 0.021875
2 0.2296875 0.35703125 0.0265625 0.125
2 0.3546875 0.7234375 0.0515625 0.1859375
2 0.4328125 0.53125 0.0390625 0.165625
2 0.80703125 0.53984375 0.028125 0.1546875
2 0.79609375 0.515625 0.015625 0.1234375
2 0.64140625 0.51328125 0.04375 0.175
2 0.58515625 0.4484375 0.0265625 0.159375
2 0.5234375 0.4046875 0.0328125 0.1359375
2 0.46484375 0.353125 0.034375 0.1265625
2 0.41875 0.2875 0.0203125 0.0921875
2 0.4296875 0.30625 0.01875 0.109375
3 0.0890625 0.43984375 0.0375 0.1328125
3 0.8703125 0.41015625 0.0296875 0.1265625
1 0.76640625 0.34921875 0.03125 0.11875