2 0.3890625 0.721875 0.0828125 0.25
0 0.41953125 0.63125 0.0203125 0.0359375
2 0.1609375 0.446875 0.0375 0.175
2 0.31875 0.4125 0.046875 0.125
2 0.38125 0.4953125 0.046875 0.1609375
2 0.53671875 0.56796875 0.0625 0.1765625
2 0.64296875 0.56640625 0.0515625 0.2015625
2 0.7015625 0.6046875 0.075 0.184375
2 0.77109375 0.61640625 0.046875 0.1953125
2 0.8015625 0.6578125 0.0375 0.190625
2 0.4203125 0.44296875 0.034375 0.1609375
2 0.39453125 0.40625 0.021875 0.1171875
2 0.465625 0.31328125 0.0390625 0.1296875
1 0.71953125 0.434375 0.05 0.159375
3 0.9 0.5078125 0.03125 0.1734375
3 0.04453125 0.54453125 0.0453125 0.1890625