0 0.43828125 0.5703125 0.0125 0.0203125
3 0.10390625 0.63671875 0.053125 0.171875
3 0.64765625 0.2984375 0.025 0.10625
1 0.784375 0.334375 0.0421875 0.115625
2 0.24140625 0.46328125 0.0375 0.1390625
2 0.29921875 0.32109375 0.025 0.1140625
2 0.49296875 0.59375 0.0390625 0.1046875
2 0.4890625 0.71171875 0.0375 0.171875
2 0.75078125 0.503125 0.040625 0.1546875
2 0.63828125 0.45390625 0.0453125 0.1296875
2 0.64921875 0.38828125 0.0234375 0.096875
2 0.5515625 0.365625 0.028125 0.1171875
2 0.52109375 0.31953125 0.021875 0.1109375
2 0.55859375 0.28203125 0.01875 0.090625