2 0.290625 0.5765625 0.0484375 0.171875
2 0.46015625 0.51484375 0.0265625 0.1625
2 0.60234375 0.63671875 0.0609375 0.17890625
2 0.68359375 0.803125 0.05625 0.171875
2 0.8265625 0.5765625 0.0484375 0.16875
2 0.60546875 0.3515625 0.0375 0.1203125
2 0.55859375 0.4078125 0.0265625 0.125
2 0.484375 0.4515625 0.0265625 0.146875
2 0.4953125 0.3921875 0.021875 0.1234375
2 0.50859375 0.3703125 0.021875 0.1359375
2 0.51953125 0.31171875 0.01875 0.0953125
2 0.440625 0.42109375 0.0640625 0.065625
1 0.2796875 0.43515625 0.0640625 0.0859375
0 0.27265625 0.35078125 0.015625 0.03125
3 0.19609375 0.4875 0.0703125 0.1078125
3 0.96015625 0.47421875 0.0421875 0.14375