2 0.421875 0.453125 0.0265625 0.1140625
0 0.4109375 0.4625 0.015625 0.034375
3 0.084375 0.57421875 0.0453125 0.175
3 0.86875 0.50703125 0.028125 0.16875
2 0.6796875 0.584375 0.034375 0.1765625
2 0.646875 0.621875 0.04375 0.1796875
2 0.60390625 0.55 0.0421875 0.1890625
2 0.5109375 0.47890625 0.04375 0.159375
2 0.4765625 0.4765625 0.034375 0.140625
2 0.44140625 0.4640625 0.0296875 0.1328125
2 0.43671875 0.38203125 0.028125 0.05
2 0.4421875 0.35234375 0.025 0.053125
2 0.50390625 0.32265625 0.0359375 0.10625
1 0.7 0.4296875 0.0359375 0.1390625