2 0.8640625 0.584375 0.046875 0.184375
0 0.85859375 0.58203125 0.0171875 0.0375
1 0.3109375 0.4078125 0.0296875 0.171875
3 0.1203125 0.48828125 0.05 0.184375
3 0.9296875 0.6921875 0.05625 0.21875
2 0.909375 0.425 0.0390625 0.15625
2 0.50859375 0.8 0.065625 0.175
2 0.12421875 0.74140625 0.0578125 0.171875
2 0.24140625 0.63125 0.0546875 0.184375
2 0.4796875 0.5421875 0.0265625 0.19375
2 0.4609375 0.5796875 0.0328125 0.175
2 0.4359375 0.6078125 0.040625 0.2109375
2 0.62734375 0.49921875 0.0515625 0.175
2 0.68125 0.4078125 0.0390625 0.16875
2 0.575 0.3578125 0.0390625 0.1390625
2 0.54140625 0.31171875 0.0328125 0.1234375