0 0.6546875 0.2765625 0.0125 0.025
2 0.05703125 0.51875 0.0421875 0.1828125
2 0.2453125 0.36328125 0.0421875 0.128125
2 0.24375 0.596875 0.046875 0.1828125
2 0.27109375 0.78125 0.0640625 0.1921875
2 0.5765625 0.6046875 0.053125 0.15625
2 0.3125 0.50546875 0.065625 0.15
2 0.321875 0.39375 0.0359375 0.1328125
2 0.36328125 0.34140625 0.0375 0.1046875
2 0.44296875 0.35078125 0.01875 0.10625
2 0.4515625 0.30546875 0.03125 0.075
2 0.68359375 0.46796875 0.0359375 0.1265625
1 0.75234375 0.36171875 0.03125 0.13125
3 0.85 0.47421875 0.0421875 0.13125