2 0.2484375 0.56484375 0.0296875 0.1765625
0 0.25859375 0.49921875 0.0125 0.0265625
2 0.20625 0.3953125 0.03125 0.1515625
2 0.39453125 0.6828125 0.065625 0.16875
3 0.0578125 0.58671875 0.0515625 0.1796875
3 0.8625 0.48515625 0.034375 0.15625
2 0.49921875 0.30546875 0.0265625 0.1203125
2 0.44609375 0.38515625 0.0453125 0.128125
2 0.39921875 0.4484375 0.0390625 0.14375
2 0.3796875 0.5453125 0.0609375 0.1375
2 0.51796875 0.5578125 0.0515625 0.16875
2 0.56328125 0.5796875 0.0390625 0.184375
2 0.75 0.6171875 0.0421875 0.1796875
1 0.6984375 0.43203125 0.04375 0.1515625