2 0.01171875 0.64921875 0.0234375 0.175
0 0.0203125 0.6171875 0.0140625 0.028125
2 0.06640625 0.63984375 0.0453125 0.2296875
2 0.43671875 0.59765625 0.0515625 0.209375
2 0.62578125 0.72734375 0.059375 0.2328125
2 0.89921875 0.4671875 0.046875 0.1765625
2 0.5625 0.49609375 0.0421875 0.190625
2 0.60546875 0.52265625 0.0375 0.19375
2 0.634375 0.4953125 0.034375 0.1796875
2 0.6203125 0.28671875 0.0234375 0.1046875
2 0.63046875 0.37109375 0.03125 0.1125
3 0.134375 0.51171875 0.0375 0.175
3 0.87109375 0.6359375 0.040625 0.2109375
1 0.26484375 0.4484375 0.03125 0.16875