2 0.21484375 0.4140625 0.0375 0.1375
2 0.25625 0.4546875 0.028125 0.15625
0 0.25234375 0.45390625 0.015625 0.028125
2 0.096875 0.5921875 0.0421875 0.2078125
2 0.128125 0.44140625 0.034375 0.1734375
2 0.27578125 0.42734375 0.0234375 0.1140625
2 0.3234375 0.60390625 0.053125 0.1875
2 0.334375 0.49921875 0.0375 0.140625
2 0.6078125 0.64609375 0.0671875 0.2265625
2 0.6671875 0.8171875 0.0671875 0.140625
2 0.38203125 0.39921875 0.0234375 0.14375
2 0.396875 0.46171875 0.034375 0.1671875
2 0.2984375 0.4 0.03125 0.1453125
1 0.65703125 0.43046875 0.0390625 0.1515625
3 0.16640625 0.50546875 0.034375 0.1625
3 0.8265625 0.49296875 0.0421875 0.171875