2 0.3921875 0.6375 0.0421875 0.2078125
0 0.4140625 0.7109375 0.0140625 0.0390625
2 0.2140625 0.65390625 0.053125 0.215625
2 0.1265625 0.72109375 0.0375 0.196875
2 0.49375 0.7140625 0.046875 0.2296875
2 0.43046875 0.60078125 0.053125 0.153125
2 0.4890625 0.56484375 0.0390625 0.1015625
2 0.52578125 0.53203125 0.0453125 0.1828125
2 0.63046875 0.4921875 0.03125 0.1828125
2 0.72890625 0.45234375 0.0484375 0.1828125
2 0.778125 0.4765625 0.046875 0.1890625
2 0.9421875 0.48046875 0.0484375 0.19375
3 0.43515625 0.3453125 0.04375 0.1453125
3 0.6265625 0.75859375 0.0484375 0.2390625
1 0.27578125 0.41640625 0.040625 0.1734375