2 0.14921875 0.7734375 0.046875 0.2140625
0 0.14375 0.6828125 0.01875 0.0296875
3 0.04453125 0.6953125 0.0484375 0.190625
3 0.915625 0.484375 0.0515625 0.1609375
1 0.75859375 0.42421875 0.040625 0.1453125
2 0.56640625 0.7859375 0.05625 0.19375
2 0.79453125 0.590625 0.0390625 0.175
2 0.64453125 0.57734375 0.0328125 0.1671875
2 0.6015625 0.5484375 0.034375 0.18125
2 0.46953125 0.475 0.040625 0.1546875
2 0.4484375 0.4015625 0.0265625 0.1296875
2 0.3953125 0.4203125 0.03125 0.146875
2 0.21484375 0.40390625 0.034375 0.140625
2 0.38828125 0.33359375 0.0234375 0.0859375
2 0.4078125 0.33984375 0.0234375 0.0984375