2 0.48203125 0.8015625 0.0546875 0.175
2 0.36875 0.78125 0.05625 0.209375
2 0.9109375 0.6359375 0.0625 0.1921875
2 0.7703125 0.55625 0.046875 0.18125
2 0.7296875 0.44921875 0.0359375 0.1421875
2 0.68515625 0.403125 0.028125 0.1421875
2 0.65 0.38203125 0.0328125 0.121875
2 0.58671875 0.39375 0.04375 0.1328125
2 0.61640625 0.3296875 0.0265625 0.121875
2 0.2640625 0.46875 0.0328125 0.1515625
2 0.159375 0.56015625 0.0609375 0.1734375
2 0.19140625 0.3546875 0.0375 0.1515625
1 0.965625 0.38984375 0.040625 0.146875
3 0.09765625 0.40625 0.0390625 0.1390625