3 0.14765625 0.509375 0.03125 0.1828125
3 0.84453125 0.6046875 0.0640625 0.2109375
2 0.04140625 0.67421875 0.0484375 0.1796875
2 0.28203125 0.59375 0.040625 0.209375
2 0.33359375 0.60703125 0.0484375 0.2265625
2 0.3765625 0.6296875 0.04375 0.23125
2 0.44453125 0.64921875 0.0625 0.2265625
2 0.49296875 0.7640625 0.05625 0.246875
2 0.521875 0.596875 0.0828125 0.1453125
2 0.62109375 0.5484375 0.053125 0.203125
2 0.83359375 0.4546875 0.034375 0.1875
2 0.62890625 0.4421875 0.0296875 0.1625
2 0.68203125 0.3984375 0.04375 0.1546875
2 0.6484375 0.303125 0.0296875 0.125
0 0.5515625 0.6515625 0.0125 0.025
1 0.3328125 0.4296875 0.0546875 0.16875