1 0.68203125 0.42578125 0.0390625 0.1765625
2 0.1671875 0.390625 0.0328125 0.1796875
2 0.35078125 0.4375 0.0328125 0.19375
2 0.3640625 0.3484375 0.025 0.1046875
2 0.3859375 0.30234375 0.0234375 0.1328125
2 0.37578125 0.47265625 0.0296875 0.16875
2 0.40546875 0.4765625 0.0375 0.1890625
2 0.50078125 0.47890625 0.021875 0.134375
2 0.53359375 0.475 0.0296875 0.1828125
2 0.94609375 0.6671875 0.053125 0.2234375
2 0.6421875 0.6015625 0.053125 0.2015625
2 0.5453125 0.59140625 0.04375 0.2109375
2 0.4828125 0.53671875 0.0390625 0.1890625
0 0.75625 0.67265625 0.01875 0.034375
3 0.87578125 0.4984375 0.0625 0.1921875
3 0.1109375 0.53515625 0.05625 0.1796875