0 0.55625 0.596875 0.0171875 0.034375
2 0.1140625 0.66015625 0.0296875 0.1984375
2 0.215625 0.61953125 0.0484375 0.18125
2 0.26484375 0.60078125 0.053125 0.190625
2 0.44140625 0.58828125 0.05625 0.1640625
2 0.40859375 0.7921875 0.0578125 0.1796875
2 0.815625 0.63984375 0.046875 0.2078125
2 0.86328125 0.43046875 0.0328125 0.1453125
2 0.5109375 0.50390625 0.0359375 0.159375
2 0.60234375 0.44921875 0.028125 0.1546875
2 0.62734375 0.45625 0.034375 0.140625
2 0.62734375 0.378125 0.0203125 0.090625
2 0.48828125 0.3109375 0.025 0.125
3 0.3609375 0.37265625 0.0296875 0.115625
3 0.9078125 0.78828125 0.0421875 0.1984375
1 0.26953125 0.4484375 0.0453125 0.14375