3 0.85234375 0.509375 0.03125 0.1828125
3 0.15546875 0.6046875 0.0640625 0.2109375
2 0.95859375 0.67421875 0.0484375 0.1796875
2 0.71796875 0.59375 0.040625 0.209375
2 0.66640625 0.60703125 0.05 0.2265625
2 0.6234375 0.6296875 0.04375 0.23125
2 0.55546875 0.64921875 0.0625 0.2265625
2 0.50703125 0.7640625 0.05625 0.246875
2 0.478125 0.596875 0.084375 0.1453125
2 0.37890625 0.5484375 0.053125 0.203125
2 0.16640625 0.4546875 0.0328125 0.1875
2 0.37109375 0.4421875 0.0296875 0.1625
2 0.31796875 0.3984375 0.0453125 0.1546875
2 0.3515625 0.303125 0.0296875 0.125
0 0.4484375 0.6515625 0.0140625 0.025
1 0.6671875 0.4296875 0.0546875 0.16875