0 0.3234375 0.6703125 0.015625 0.0296875
2 0.16171875 0.628125 0.0546875 0.203125
2 0.15546875 0.3984375 0.0328125 0.1328125
2 0.36875 0.4140625 0.0546875 0.15625
2 0.353125 0.78203125 0.053125 0.2078125
2 0.4234375 0.40859375 0.0265625 0.1453125
2 0.44921875 0.44921875 0.0375 0.1484375
2 0.44609375 0.346875 0.0234375 0.0953125
2 0.4671875 0.32265625 0.025 0.1265625
2 0.49296875 0.54375 0.0578125 0.178125
2 0.56640625 0.6515625 0.0640625 0.1953125
2 0.7515625 0.59296875 0.0515625 0.1671875
3 0.8640625 0.4875 0.0421875 0.1609375
3 0.0484375 0.596875 0.04375 0.203125
1 0.7390625 0.43671875 0.046875 0.1578125