2 0.79296875 0.44453125 0.025 0.1953125
0 0.80546875 0.4578125 0.015625 0.0265625
3 0.128125 0.50546875 0.0515625 0.19375
1 0.353125 0.409375 0.040625 0.178125
2 0.28046875 0.68515625 0.046875 0.246875
2 0.16328125 0.73984375 0.053125 0.1875
2 0.3359375 0.80390625 0.0578125 0.1765625
2 0.4609375 0.59375 0.040625 0.209375
2 0.6734375 0.52265625 0.0515625 0.1796875
2 0.64453125 0.4453125 0.0296875 0.190625
2 0.6984375 0.41015625 0.0265625 0.1515625
2 0.67890625 0.346875 0.0296875 0.1546875
2 0.69765625 0.290625 0.01875 0.109375
2 0.93359375 0.48046875 0.0328125 0.178125
2 0.9578125 0.4484375 0.0296875 0.19375