2 0.71171875 0.50234375 0.034375 0.15625
0 0.6875 0.49765625 0.0125 0.0234375
2 0.82421875 0.6015625 0.0375 0.1671875
2 0.4578125 0.55234375 0.03125 0.1609375
2 0.2859375 0.5453125 0.040625 0.1875
2 0.2046875 0.39609375 0.03125 0.121875
2 0.37734375 0.39609375 0.0296875 0.13125
2 0.47890625 0.42578125 0.028125 0.1359375
2 0.440625 0.36953125 0.028125 0.125
2 0.49765625 0.353125 0.0203125 0.1078125
2 0.5515625 0.48828125 0.0375 0.146875
2 0.640625 0.51484375 0.0328125 0.1625
3 0.79921875 0.4484375 0.028125 0.15
3 0.1859375 0.4921875 0.0328125 0.1484375
1 0.69296875 0.39765625 0.025 0.128125