2 0.52421875 0.459375 0.0328125 0.16875
2 0.47421875 0.5 0.025 0.1578125
2 0.4484375 0.453125 0.0359375 0.0640625
2 0.43828125 0.39375 0.0296875 0.075
2 0.3859375 0.453125 0.053125 0.0515625
2 0.31015625 0.603125 0.053125 0.2
2 0.02421875 0.66875 0.0453125 0.159375
2 0.55625 0.784375 0.0640625 0.190625
2 0.7203125 0.7296875 0.05 0.221875
2 0.70546875 0.56328125 0.04375 0.1921875
2 0.615625 0.4828125 0.0421875 0.16875
2 0.56953125 0.37109375 0.0328125 0.134375
3 0.34921875 0.384375 0.0328125 0.1296875
3 0.94765625 0.765625 0.0796875 0.2375
1 0.4171875 0.4359375 0.0375 0.14375