2 0.07109375 0.509375 0.0265625 0.1609375
2 0.0984375 0.48671875 0.0453125 0.103125
0 0.11015625 0.52734375 0.0125 0.0234375
2 0.1390625 0.33671875 0.03125 0.1078125
2 0.12109375 0.71328125 0.0578125 0.1734375
2 0.18203125 0.71796875 0.0515625 0.184375
2 0.28046875 0.32265625 0.0359375 0.1265625
2 0.5328125 0.6328125 0.0203125 0.1703125
2 0.67109375 0.44296875 0.0390625 0.1546875
2 0.60078125 0.39296875 0.025 0.134375
2 0.56484375 0.3171875 0.01875 0.1
2 0.578125 0.3359375 0.021875 0.121875
1 0.790625 0.31640625 0.0203125 0.1109375
3 0.93828125 0.38984375 0.028125 0.13125
3 0.028125 0.42109375 0.0390625 0.1203125