1 0.65703125 0.390625 0.0546875 0.1890625
3 0.82734375 0.47890625 0.0515625 0.190625
2 0.11953125 0.51796875 0.0515625 0.190625
3 0.14765625 0.475 0.034375 0.1640625
2 0.16875 0.44140625 0.0328125 0.1515625
0 0.2046875 0.51640625 0.015625 0.0296875
2 0.31171875 0.74609375 0.0609375 0.2484375
2 0.81484375 0.715625 0.053125 0.2359375
2 0.60078125 0.59921875 0.0515625 0.2125
2 0.3984375 0.484375 0.0375 0.2046875
2 0.340625 0.559375 0.0359375 0.20625
2 0.31171875 0.49453125 0.0390625 0.1921875
2 0.33671875 0.446875 0.0453125 0.0859375
2 0.32578125 0.3734375 0.025 0.0984375
2 0.26328125 0.3828125 0.0328125 0.1546875
2 0.09453125 0.471875 0.03125 0.1890625