2 0.6234375 0.340625 0.03125 0.0609375
0 0.63125 0.30546875 0.0140625 0.028125
2 0.6578125 0.35703125 0.0390625 0.11875
2 0.77109375 0.6015625 0.0515625 0.2015625
2 0.58671875 0.40546875 0.0390625 0.134375
2 0.45546875 0.4359375 0.05625 0.13125
2 0.3578125 0.4 0.0546875 0.1390625
2 0.50625 0.31796875 0.0453125 0.09375
2 0.2734375 0.315625 0.0578125 0.103125
2 0.1921875 0.3734375 0.040625 0.1296875
2 0.3421875 0.678125 0.0546875 0.1921875
2 0.38359375 0.78359375 0.090625 0.1828125
2 0.2640625 0.7953125 0.0546875 0.175
3 0.0375 0.43046875 0.0546875 0.1390625
3 0.9921875 0.5234375 0.015625 0.1296875
1 0.8 0.3640625 0.0375 0.1140625