1 0.71015625 0.396875 0.0265625 0.1328125
3 0.11484375 0.6625 0.040625 0.18125
3 0.64921875 0.3515625 0.028125 0.1140625
2 0.6890625 0.55078125 0.034375 0.1734375
2 0.615625 0.709375 0.0359375 0.184375
2 0.5921875 0.559375 0.0359375 0.171875
2 0.5734375 0.4953125 0.034375 0.1609375
2 0.40625 0.528125 0.0390625 0.1640625
2 0.31875 0.52734375 0.040625 0.171875
2 0.43515625 0.45625 0.025 0.1625
2 0.48203125 0.36328125 0.021875 0.134375
2 0.57890625 0.39140625 0.0203125 0.1125
2 0.59765625 0.3703125 0.0265625 0.1171875
2 0.509375 0.3125 0.0140625 0.1125
0 0.60234375 0.3828125 0.0125 0.03125