1 0.82421875 0.3640625 0.040625 0.1171875
2 0.790625 0.40625 0.0421875 0.1234375
0 0.78984375 0.3296875 0.009375 0.0203125
2 0.85703125 0.48203125 0.0390625 0.140625
2 0.63046875 0.39453125 0.028125 0.13125
2 0.5859375 0.32734375 0.0265625 0.1140625
2 0.58046875 0.26015625 0.01875 0.05625
2 0.26484375 0.3515625 0.03125 0.1140625
2 0.17890625 0.375 0.0328125 0.1234375
2 0.06953125 0.57734375 0.0421875 0.1796875
2 0.2203125 0.64296875 0.034375 0.18125
2 0.38359375 0.68125 0.0578125 0.1921875
3 0.959375 0.43671875 0.0375 0.1359375