3 0.93671875 0.7265625 0.05625 0.240625
3 0.3859375 0.371875 0.034375 0.1453125
1 0.3375 0.42421875 0.0328125 0.1578125
2 0.321875 0.67734375 0.071875 0.2046875
2 0.1921875 0.7359375 0.040625 0.1421875
2 0.44140625 0.5765625 0.025 0.175
2 0.4515625 0.50390625 0.0328125 0.0890625
2 0.55234375 0.51875 0.034375 0.1703125
2 0.6796875 0.596875 0.0421875 0.1875
2 0.6671875 0.465625 0.0375 0.146875
2 0.69921875 0.46328125 0.0453125 0.1609375
2 0.58046875 0.42734375 0.034375 0.1515625
2 0.59921875 0.38125 0.0296875 0.1171875
2 0.63203125 0.3828125 0.04375 0.1296875
2 0.62265625 0.30390625 0.0328125 0.0625