0 0.72578125 0.47578125 0.015625 0.0328125
2 0.17265625 0.65078125 0.053125 0.16875
2 0.0203125 0.67109375 0.03125 0.1140625
2 0.3609375 0.7859375 0.0453125 0.175
2 0.696875 0.65703125 0.071875 0.1921875
2 0.44453125 0.61015625 0.03125 0.16875
2 0.5265625 0.5328125 0.03125 0.146875
2 0.81953125 0.45625 0.03125 0.134375
2 0.55390625 0.4765625 0.021875 0.1546875
2 0.59453125 0.46015625 0.025 0.1296875
2 0.58046875 0.4234375 0.0234375 0.0875
2 0.53828125 0.37734375 0.0234375 0.11875
2 0.4796875 0.31875 0.0234375 0.10625
1 0.2703125 0.43515625 0.046875 0.1484375
3 0.1125 0.5203125 0.0296875 0.1515625
3 0.95234375 0.6203125 0.053125 0.184375