0 0.2265625 0.5390625 0.0109375 0.0203125
2 0.17421875 0.41328125 0.0421875 0.1296875
2 0.26796875 0.6015625 0.05625 0.1671875
2 0.3671875 0.54609375 0.0484375 0.1546875
2 0.503125 0.67109375 0.053125 0.1921875
2 0.84375 0.61875 0.0625 0.1390625
2 0.7453125 0.48671875 0.0359375 0.153125
2 0.63125 0.48203125 0.025 0.146875
2 0.5109375 0.40625 0.034375 0.1328125
2 0.52265625 0.3296875 0.01875 0.0859375
2 0.51328125 0.296875 0.021875 0.0890625
2 0.5734375 0.28828125 0.01875 0.1109375
2 0.60234375 0.25859375 0.01875 0.0921875
3 0.07109375 0.415625 0.0359375 0.121875
3 0.8890625 0.40625 0.03125 0.121875
1 0.7671875 0.35546875 0.03125 0.128125