2 0.29140625 0.6140625 0.0453125 0.23125
2 0.309375 0.54453125 0.03125 0.1796875
1 0.2953125 0.4390625 0.03125 0.14375
0 0.3140625 0.43828125 0.009375 0.021875
2 0.19296875 0.64140625 0.046875 0.215625
3 0.1546875 0.49140625 0.03125 0.175
2 0.1828125 0.50078125 0.0296875 0.096875
2 0.45078125 0.57734375 0.0421875 0.2109375
2 0.64375 0.640625 0.0578125 0.21875
2 0.74453125 0.64453125 0.046875 0.2390625
2 0.9265625 0.5203125 0.0359375 0.203125
2 0.796875 0.44296875 0.0453125 0.1703125
2 0.603125 0.56640625 0.0390625 0.2140625
2 0.56953125 0.4890625 0.0421875 0.1765625
2 0.596875 0.440625 0.0296875 0.128125
3 0.7796875 0.73515625 0.059375 0.2296875