2 0.184375 0.67578125 0.0453125 0.1953125
2 0.24765625 0.81640625 0.0484375 0.1453125
2 0.740625 0.62734375 0.034375 0.140625
2 0.62109375 0.5078125 0.0390625 0.1703125
2 0.58359375 0.4078125 0.0296875 0.14375
2 0.525 0.36875 0.0296875 0.1140625
2 0.49921875 0.3109375 0.0265625 0.10625
2 0.46640625 0.29375 0.025 0.10625
2 0.19453125 0.31640625 0.03125 0.1109375
2 0.1203125 0.340625 0.0421875 0.11875
2 0.05703125 0.51796875 0.0453125 0.159375
2 0.18984375 0.49296875 0.0421875 0.140625
0 0.07265625 0.47890625 0.0140625 0.0328125
3 0.7234375 0.2859375 0.0234375 0.0921875
1 0.78125 0.33046875 0.03125 0.1140625