2 0.6890625 0.43203125 0.0265625 0.1609375
2 0.68046875 0.36171875 0.015625 0.0765625
0 0.6953125 0.3546875 0.0125 0.025
2 0.84296875 0.41484375 0.0421875 0.1578125
2 0.85390625 0.63359375 0.046875 0.215625
2 0.5640625 0.45078125 0.034375 0.15625
2 0.58125 0.515625 0.03125 0.1859375
2 0.5890625 0.40625 0.0234375 0.1328125
2 0.609375 0.3796875 0.0234375 0.1421875
2 0.42890625 0.63359375 0.0375 0.203125
2 0.4171875 0.8234375 0.05625 0.121875
2 0.2046875 0.6375 0.0515625 0.1984375
1 0.296875 0.41875 0.0296875 0.1625
3 0.36015625 0.3640625 0.0296875 0.1390625
3 0.9703125 0.58671875 0.0484375 0.1921875