0 0.6765625 0.6703125 0.015625 0.0296875
2 0.83828125 0.628125 0.0546875 0.203125
2 0.84453125 0.3984375 0.034375 0.1328125
2 0.63125 0.4140625 0.0546875 0.15625
2 0.646875 0.78203125 0.053125 0.2078125
2 0.5765625 0.40859375 0.0265625 0.1453125
2 0.55078125 0.44921875 0.0375 0.1484375
2 0.55390625 0.346875 0.0234375 0.0953125
2 0.5328125 0.32265625 0.025 0.1265625
2 0.50703125 0.54375 0.0578125 0.178125
2 0.43359375 0.6515625 0.0640625 0.1953125
2 0.2484375 0.59296875 0.053125 0.1671875
3 0.1359375 0.4875 0.0421875 0.1609375
3 0.9515625 0.596875 0.04375 0.203125
1 0.2609375 0.43671875 0.046875 0.1578125