2 0.80703125 0.65390625 0.0828125 0.2203125
0 0.8203125 0.5796875 0.0140625 0.0265625
2 0.45546875 0.74453125 0.0484375 0.2515625
2 0.21953125 0.66171875 0.05625 0.221875
2 0.58671875 0.5546875 0.04375 0.178125
2 0.6078125 0.47109375 0.0265625 0.171875
2 0.66328125 0.465625 0.028125 0.178125
2 0.67578125 0.39296875 0.0203125 0.128125
2 0.71171875 0.4734375 0.040625 0.2046875
2 0.9375 0.4140625 0.034375 0.16875
2 0.6296875 0.3578125 0.028125 0.1390625
2 0.58046875 0.284375 0.0265625 0.13125
3 0.96796875 0.66640625 0.0640625 0.22109375
3 0.109375 0.51796875 0.0296875 0.1765625
1 0.33125 0.41875 0.04375 0.1703125