2 0.2203125 0.39921875 0.046875 0.13125
0 0.23515625 0.39140625 0.0140625 0.0234375
2 0.20234375 0.54375 0.0546875 0.1625
2 0.3828125 0.38359375 0.040625 0.1296875
2 0.4796875 0.3046875 0.0265625 0.11875
2 0.30703125 0.459375 0.04375 0.1640625
2 0.33984375 0.52265625 0.0328125 0.15625
2 0.43515625 0.65703125 0.040625 0.2109375
2 0.4765625 0.58515625 0.034375 0.1828125
2 0.51796875 0.5234375 0.0265625 0.175
2 0.55390625 0.57109375 0.05 0.1734375
2 0.7046875 0.615625 0.046875 0.190625
1 0.675 0.428125 0.0265625 0.1546875
3 0.59453125 0.365625 0.0359375 0.1265625
3 0.15625 0.75078125 0.0484375 0.2203125