2 0.04609375 0.59296875 0.034375 0.1515625
0 0.053125 0.515625 0.0140625 0.025
2 0.03984375 0.68671875 0.034375 0.1328125
2 0.1109375 0.64921875 0.0625 0.2265625
2 0.21953125 0.7375 0.0640625 0.1984375
2 0.425 0.71875 0.053125 0.1890625
2 0.51484375 0.64453125 0.05 0.18125
2 0.44765625 0.55390625 0.053125 0.1609375
2 0.53203125 0.4703125 0.0421875 0.1640625
2 0.70078125 0.4203125 0.0546875 0.13125
2 0.65078125 0.45078125 0.0421875 0.1484375
2 0.61171875 0.68125 0.065625 0.1921875
2 0.6234375 0.55625 0.04375 0.0890625
3 0.43046875 0.3953125 0.0328125 0.1390625
1 0.1484375 0.5875 0.0421875 0.184375